<?xml version="1.0" encoding="utf-8"?>
<COLLADA xmlns="http://www.collada.org/2005/11/COLLADASchema" version="1.4.1">
  <asset><contributor><author>Mixamo</author><authoring_tool>COLLADA Mixamo exporter</authoring_tool><comments></comments></contributor><created>2017-03-27T02:02:35Z</created><modified>2017-03-27T02:02:35Z</modified><revision></revision><title></title><unit meter="0.010000"/><up_axis>Y_UP</up_axis></asset>
  <library_animations>
    <animation id="arissa_Hips-anim" name="arissa_Hips"><source id="arissa_Hips-Matrix-animation-input"><float_array id="arissa_Hips-Matrix-animation-input-array" count="371">

0.000000 0.033333 0.066667 0.100000 0.133333 0.166667 0.200000 0.233333 0.266667 0.300000 0.333333 0.366667 0.400000 0.433333 0.466667 0.500000
0.533333 0.566667 0.600000 0.633333 0.666667 0.700000 0.733333 0.766667 0.800000 0.833333 0.866667 0.900000 0.933333 0.966667 1.000000 1.033333
1.066667 1.100000 1.133333 1.166667 1.200000 1.233333 1.266667 1.300000 1.333333 1.366667 1.400000 1.433333 1.466667 1.500000 1.533333 1.566667
1.600000 1.633333 1.666667 1.700000 1.733333 1.766667 1.800000 1.833333 1.866667 1.900000 1.933333 1.966667 2.000000 2.033333 2.066667 2.100000
2.133333 2.166667 2.200000 2.233333 2.266667 2.300000 2.333333 2.366667 2.400000 2.433333 2.466667 2.500000 2.533333 2.566667 2.600000 2.633333
2.666667 2.700000 2.733333 2.766667 2.800000 2.833333 2.866667 2.900000 2.933333 2.966667 3.000000 3.033333 3.066667 3.100000 3.133333 3.166667
3.200000 3.233333 3.266667 3.300000 3.333333 3.366667 3.400000 3.433333 3.466667 3.500000 3.533333 3.566667 3.600000 3.633333 3.666667 3.700000
3.733333 3.766667 3.800000 3.833333 3.866667 3.900000 3.933333 3.966667 4.000000 4.033333 4.066667 4.100000 4.133333 4.166667 4.200000 4.233333
4.266667 4.300000 4.333333 4.366667 4.400000 4.433333 4.466667 4.500000 4.533333 4.566667 4.600000 4.633333 4.666667 4.700000 4.733333 4.766667
4.800000 4.833333 4.866667 4.900000 4.933333 4.966667 5.000000 5.033333 5.066667 5.100000 5.133333 5.166667 5.200000 5.233333 5.266667 5.300000
5.333333 5.366667 5.400000 5.433333 5.466667 5.500000 5.533333 5.566667 5.600000 5.633333 5.666667 5.700000 5.733333 5.766667 5.800000 5.833333
5.866667 5.900000 5.933333 5.966667 6.000000 6.033333 6.066667 6.100000 6.133333 6.166667 6.200000 6.233333 6.266667 6.300000 6.333333 6.366667
6.400000 6.433333 6.466667 6.500000 6.533333 6.566667 6.600000 6.633333 6.666667 6.700000 6.733333 6.766667 6.800000 6.833333 6.866667 6.900000
6.933333 6.966667 7.000000 7.033333 7.066667 7.100000 7.133333 7.166667 7.200000 7.233333 7.266667 7.300000 7.333333 7.366667 7.400000 7.433333
7.466667 7.500000 7.533333 7.566667 7.600000 7.633333 7.666667 7.700000 7.733333 7.766667 7.800000 7.833333 7.866667 7.900000 7.933333 7.966667
8.000000 8.033333 8.066667 8.100000 8.133333 8.166667 8.200000 8.233333 8.266667 8.300000 8.333333 8.366667 8.400000 8.433333 8.466667 8.500000
8.533333 8.566667 8.600000 8.633333 8.666667 8.700000 8.733333 8.766667 8.800000 8.833333 8.866667 8.900000 8.933333 8.966667 9.000000 9.033333
9.066667 9.100000 9.133333 9.166667 9.200000 9.233333 9.266667 9.300000 9.333333 9.366667 9.400000 9.433333 9.466667 9.500000 9.533333 9.566667
9.600000 9.633333 9.666667 9.700000 9.733333 9.766667 9.800000 9.833333 9.866667 9.900000 9.933333 9.966667 10.000000 10.033333 10.066667 10.100000
10.133333 10.166667 10.200000 10.233333 10.266667 10.300000 10.333333 10.366667 10.400000 10.433333 10.466667 10.500000 10.533333 10.566667 10.600000 10.633333
10.666667 10.700000 10.733333 10.766667 10.800000 10.833333 10.866667 10.900000 10.933333 10.966667 11.000000 11.033333 11.066667 11.100000 11.133333 11.166667
11.200000 11.233333 11.266667 11.300000 11.333333 11.366667 11.400000 11.433333 11.466667 11.500000 11.533333 11.566667 11.600000 11.633333 11.666667 11.700000
11.733333 11.766667 11.800000 11.833333 11.866667 11.900000 11.933333 11.966667 12.000000 12.033333 12.066667 12.100000 12.133333 12.166667 12.200000 12.233333
12.266667 12.300000 12.333333</float_array><technique_common><accessor source="#arissa_Hips-Matrix-animation-input-array" count="371"><param name="TIME" type="float"/></accessor></technique_common></source><source id="arissa_Hips-Matrix-animation-output-transform"><float_array id="arissa_Hips-Matrix-animation-output-transform-array" count="5936">

0.994055 0.059624 -0.091103 0.018333 -0.053791 0.996422 0.065194 95.637741 0.094664 -0.059905 0.993705 0.008708 0.000000 0.000000 0.000000 1.000000
0.995144 0.047475 -0.086228 -0.162711 -0.042079 0.997104 0.063353 95.467537 0.088986 -0.059417 0.994259 0.137878 0.000000 0.000000 0.000000 1.000000
0.996107 0.034868 -0.080961 -0.359919 -0.029864 0.997615 0.062222 95.292366 0.082938 -0.059562 0.994773 0.285946 0.000000 0.000000 0.000000 1.000000
0.996903 0.021321 -0.075700 -0.570561 -0.016657 0.997955 0.061716 95.103073 0.076861 -0.060264 0.995219 0.450247 0.000000 0.000000 0.000000 1.000000
0.997464 0.006560 -0.070874 -0.790497 -0.002181 0.998093 0.061690 94.903008 0.071144 -0.061379 0.995576 0.623055 0.000000 0.000000 0.000000 1.000000
0.997726 -0.008771 -0.066822 -1.029089 0.012927 0.997991 0.062019 94.699104 0.066144 -0.062741 0.995836 0.799929 0.000000 0.000000 0.000000 1.000000
0.997683 -0.023114 -0.063986 -1.314612 0.027135 0.997663 0.062713 94.490692 0.062387 -0.064304 0.995978 0.998621 0.000000 0.000000 0.000000 1.000000
0.997341 -0.035918 -0.063411 -1.664456 0.039974 0.997155 0.063907 94.265778 0.060935 -0.066272 0.995939 1.249643 0.000000 0.000000 0.000000 1.000000
0.996498 -0.050109 -0.066933 -2.058192 0.054498 0.996368 0.065432 94.020187 0.063411 -0.068850 0.995610 1.525673 0.000000 0.000000 0.000000 1.000000
0.994655 -0.069935 -0.075967 -2.485829 0.074973 0.995025 0.065613 93.781296 0.071000 -0.070958 0.994949 1.655124 0.000000 0.000000 0.000000 1.000000
0.991828 -0.092624 -0.087735 -3.053973 0.098118 0.993332 0.060527 93.544975 0.081544 -0.068641 0.994303 1.348070 0.000000 0.000000 0.000000 1.000000
0.990435 -0.104133 -0.090530 -3.991354 0.108669 0.992981 0.046697 93.161072 0.085032 -0.056088 0.994798 0.384176 0.000000 0.000000 0.000000 1.000000
0.994014 -0.088579 -0.063949 -5.440430 0.090330 0.995597 0.025028 92.400070 0.061450 -0.030655 0.997639 -1.173863 0.000000 0.000000 0.000000 1.000000
0.998842 -0.047193 0.009397 -7.226850 0.047209 0.998884 -0.001501 91.269600 -0.009316 0.001943 0.999955 -2.972878 0.000000 0.000000 0.000000 1.000000
0.992401 -0.000662 0.123048 -8.886416 0.004366 0.999545 -0.029832 90.203484 -0.122972 0.030143 0.991952 -4.602267 0.000000 0.000000 0.000000 1.000000
0.970710 0.030244 0.238341 -10.028076 -0.018157 0.998443 -0.052744 89.896957 -0.239565 0.046872 0.969748 -5.843026 0.000000 0.000000 0.000000 1.000000
0.949899 0.042160 0.309700 -10.587661 -0.022756 0.997560 -0.066004 90.762337 -0.311728 0.055650 0.948540 -6.680375 0.000000 0.000000 0.000000 1.000000
0.947093 0.044719 0.317828 -10.702750 -0.021664 0.996895 -0.075708 92.603706 -0.320227 0.064817 0.945121 -7.192653 0.000000 0.000000 0.000000 1.000000
0.960286 0.043261 0.275645 -10.386874 -0.019908 0.996012 -0.086965 94.800507 -0.278308 0.078023 0.957318 -7.440856 0.000000 0.000000 0.000000 1.000000
0.976636 0.033435 0.212282 -9.500912 -0.013105 0.995250 -0.096462 96.746330 -0.214499 0.091426 0.972436 -7.475883 0.000000 0.000000 0.000000 1.000000
0.988010 0.011317 0.153971 -8.007474 0.003817 0.995214 -0.097644 97.969604 -0.154340 0.097061 0.983239 -7.319451 0.000000 0.000000 0.000000 1.000000
0.993180 -0.016703 0.115386 -6.098970 0.026677 0.995985 -0.085450 98.155334 -0.113495 0.087945 0.989639 -6.842206 0.000000 0.000000 0.000000 1.000000
0.994551 -0.035202 0.098132 -4.017606 0.041361 0.997253 -0.061450 97.392151 -0.095699 0.065174 0.993274 -5.868175 0.000000 0.000000 0.000000 1.000000
0.994809 -0.041221 0.093040 -1.936605 0.044908 0.998272 -0.037888 95.798042 -0.091318 0.041870 0.994941 -4.452865 0.000000 0.000000 0.000000 1.000000
0.996033 -0.048817 0.074403 0.101703 0.051076 0.998280 -0.028772 93.561150 -0.072870 0.032458 0.996813 -3.077409 0.000000 0.000000 0.000000 1.000000
0.997246 -0.073617 0.008996 2.012509 0.073895 0.996614 -0.036049 90.943283 -0.006311 0.036614 0.999310 -2.375798 0.000000 0.000000 0.000000 1.000000
0.987857 -0.107786 -0.111898 3.547486 0.102533 0.993385 -0.051705 88.322632 0.116731 0.039604 0.992374 -2.633808 0.000000 0.000000 0.000000 1.000000
0.961006 -0.126461 -0.245917 4.391799 0.114219 0.991425 -0.063483 86.229240 0.251836 0.032920 0.967210 -3.640512 0.000000 0.000000 0.000000 1.000000
0.938715 -0.111561 -0.326143 4.459821 0.097063 0.993441 -0.060446 85.046120 0.330747 0.025085 0.943386 -4.912107 0.000000 0.000000 0.000000 1.000000
0.945753 -0.069740 -0.317313 3.814924 0.056945 0.997153 -0.049433 84.857285 0.319857 0.028682 0.947032 -5.950616 0.000000 0.000000 0.000000 1.000000
0.969975 -0.021940 -0.242213 2.473598 0.010547 0.998780 -0.048235 85.581261 0.242976 0.044232 0.969023 -6.467593 0.000000 0.000000 0.000000 1.000000
0.986550 0.019812 -0.162252 0.378679 -0.029632 0.997857 -0.058332 87.108147 0.160749 0.062355 0.985024 -6.472443 0.000000 0.000000 0.000000 1.000000
0.990979 0.057940 -0.120848 -2.416519 -0.066757 0.995295 -0.070225 89.295517 0.116211 0.077659 0.990184 -6.207831 0.000000 0.000000 0.000000 1.000000
0.989512 0.094037 -0.109647 -5.659623 -0.103438 0.991129 -0.083453 91.787109 0.100827 0.093920 0.990461 -5.900963 0.000000 0.000000 0.000000 1.000000
0.988238 0.119693 -0.095184 -8.946767 -0.129595 0.985914 -0.105732 93.829254 0.081188 0.116824 0.989829 -5.546652 0.000000 0.000000 0.000000 1.000000
0.990712 0.122227 -0.059580 -12.006211 -0.129449 0.981919 -0.138121 94.799240 0.041621 0.144551 0.988622 -4.869905 0.000000 0.000000 0.000000 1.000000
0.994489 0.104377 -0.009871 -14.693719 -0.104568 0.980682 -0.165311 94.410736 -0.007575 0.165433 0.986192 -3.589729 0.000000 0.000000 0.000000 1.000000
0.995419 0.086369 0.041006 -16.997677 -0.078365 0.982736 -0.167600 92.832199 -0.054773 0.163619 0.985002 -1.796633 0.000000 0.000000 0.000000 1.000000
0.992317 0.086298 0.088659 -19.024763 -0.073508 0.987619 -0.138584 90.637032 -0.099520 0.131002 0.986374 -0.069767 0.000000 0.000000 0.000000 1.000000
0.986080 0.100544 0.132426 -20.884037 -0.089034 0.991940 -0.090157 88.425606 -0.140423 0.077111 0.987084 0.890798 0.000000 0.000000 0.000000 1.000000
0.980323 0.104917 0.167211 -22.546228 -0.098779 0.994108 -0.044639 86.826981 -0.170909 0.027243 0.984910 0.873818 0.000000 0.000000 0.000000 1.000000
0.978754 0.086814 0.185752 -23.770920 -0.084430 0.996214 -0.020720 86.163864 -0.186847 0.004597 0.982378 0.205224 0.000000 0.000000 0.000000 1.000000
0.980176 0.062119 0.188139 -24.338005 -0.058588 0.997987 -0.024276 86.446960 -0.189269 0.012772 0.981842 -0.646485 0.000000 0.000000 0.000000 1.000000
0.981550 0.053012 0.183708 -24.205061 -0.045047 0.997866 -0.047264 87.583748 -0.185822 0.038116 0.981844 -1.416929 0.000000 0.000000 0.000000 1.000000
0.981655 0.060553 0.180794 -23.476236 -0.047093 0.995853 -0.077838 89.428772 -0.184758 0.067895 0.980436 -2.079848 0.000000 0.000000 0.000000 1.000000
0.982066 0.064668 0.177098 -22.268888 -0.045227 0.992713 -0.111691 91.728531 -0.183030 0.101678 0.977835 -2.697964 0.000000 0.000000 0.000000 1.000000
0.985328 0.048846 0.163532 -20.612801 -0.024432 0.988670 -0.148101 94.126068 -0.168913 0.141933 0.975358 -3.269968 0.000000 0.000000 0.000000 1.000000
0.990269 0.018136 0.137979 -18.472887 0.007065 0.983643 -0.179989 96.133972 -0.138986 0.179212 0.973943 -3.643524 0.000000 0.000000 0.000000 1.000000
0.993735 -0.006947 0.111550 -15.871595 0.028588 0.980664 -0.193601 97.250862 -0.108048 0.195577 0.974718 -3.523598 0.000000 0.000000 0.000000 1.000000
0.995581 -0.010657 0.093303 -12.865196 0.027544 0.982981 -0.181628 97.345947 -0.089779 0.183395 0.978931 -2.655792 0.000000 0.000000 0.000000 1.000000
0.997137 -0.004549 0.075478 -9.765091 0.016067 0.988141 -0.152709 96.396118 -0.073889 0.153485 0.985385 -1.082843 0.000000 0.000000 0.000000 1.000000
0.999094 -0.015414 0.039674 -7.034134 0.020059 0.992636 -0.119467 94.708633 -0.037540 0.120154 0.992045 0.723753 0.000000 0.000000 0.000000 1.000000
0.998582 -0.051701 -0.012674 -5.045486 0.050407 0.994926 -0.087076 92.682968 0.017111 0.086313 0.996121 2.020977 0.000000 0.000000 0.000000 1.000000
0.994811 -0.092018 -0.043399 -3.964609 0.089544 0.994414 -0.055872 90.855072 0.048298 0.051696 0.997494 2.246394 0.000000 0.000000 0.000000 1.000000
0.994140 -0.107533 -0.011060 -3.590601 0.107185 0.993835 -0.028350 89.527435 0.014040 0.026999 0.999537 1.503399 0.000000 0.000000 0.000000 1.000000
0.992840 -0.089627 0.078970 -3.450666 0.091440 0.995617 -0.019633 88.618988 -0.076864 0.026713 0.996684 0.389171 0.000000 0.000000 0.000000 1.000000
0.983680 -0.062293 0.168799 -3.303171 0.069681 0.996838 -0.038202 88.192513 -0.165885 0.049340 0.984910 -0.664944 0.000000 0.000000 0.000000 1.000000
0.978711 -0.048513 0.199427 -3.041145 0.062624 0.995914 -0.065064 88.324898 -0.195456 0.076167 0.977750 -1.589521 0.000000 0.000000 0.000000 1.000000
0.985161 -0.054473 0.162762 -2.561999 0.068647 0.994202 -0.082765 89.242149 -0.157309 0.092710 0.983188 -2.437868 0.000000 0.000000 0.000000 1.000000
0.992446 -0.074272 0.097641 -1.667219 0.083604 0.991938 -0.095235 91.066452 -0.089781 0.102679 0.990655 -3.123609 0.000000 0.000000 0.000000 1.000000
0.993811 -0.100394 0.047544 -0.191314 0.105137 0.988259 -0.110866 93.558113 -0.035856 0.115178 0.992697 -3.433807 0.000000 0.000000 0.000000 1.000000
0.991769 -0.125493 0.025399 1.797065 0.127694 0.983984 -0.124374 96.042793 -0.009384 0.126594 0.991910 -3.169872 0.000000 0.000000 0.000000 1.000000
0.990089 -0.139555 0.015766 3.976794 0.140433 0.982433 -0.122899 97.794838 0.001662 0.123895 0.992294 -2.271467 0.000000 0.000000 0.000000 1.000000
0.990829 -0.135115 -0.001259 5.998484 0.134265 0.985560 -0.103175 98.448219 0.015182 0.102060 0.994662 -0.918591 0.000000 0.000000 0.000000 1.000000
0.992352 -0.118189 -0.035627 7.733523 0.115276 0.990498 -0.074995 97.993622 0.044152 0.070315 0.996547 0.447853 0.000000 0.000000 0.000000 1.000000
0.989962 -0.108769 -0.090244 9.298240 0.104331 0.993154 -0.052534 96.480080 0.095341 0.042592 0.994533 1.273829 0.000000 0.000000 0.000000 1.000000
0.979393 -0.116816 -0.164752 10.842993 0.110495 0.992762 -0.047056 94.231873 0.169057 0.027882 0.985212 1.162819 0.000000 0.000000 0.000000 1.000000
0.959729 -0.131693 -0.248146 12.247936 0.119979 0.990850 -0.061821 91.563263 0.254017 0.029559 0.966748 0.100795 0.000000 0.000000 0.000000 1.000000
0.939025 -0.133431 -0.316905 13.200703 0.111533 0.990002 -0.086349 88.997696 0.325258 0.045738 0.944518 -1.536534 0.000000 0.000000 0.000000 1.000000
0.930924 -0.110332 -0.348149 13.556826 0.078688 0.991480 -0.103803 86.962357 0.356635 0.069238 0.931675 -3.202867 0.000000 0.000000 0.000000 1.000000
0.939155 -0.072567 -0.335741 13.311270 0.037777 0.993321 -0.109023 85.764427 0.341410 0.089706 0.935624 -4.426648 0.000000 0.000000 0.000000 1.000000
0.954059 -0.037104 -0.297314 12.469561 0.004881 0.994096 -0.108398 85.685143 0.299580 0.101967 0.948607 -5.021151 0.000000 0.000000 0.000000 1.000000
0.965353 -0.009420 -0.260776 10.987416 -0.019837 0.993808 -0.109330 86.975250 0.260191 0.110715 0.959189 -5.090825 0.000000 0.000000 0.000000 1.000000
0.970736 0.016724 -0.239566 8.909418 -0.046337 0.991870 -0.118518 89.553009 0.235636 0.126150 0.963619 -4.903050 0.000000 0.000000 0.000000 1.000000
0.973686 0.043594 -0.223686 6.376491 -0.076141 0.987360 -0.139008 92.771622 0.214799 0.152381 0.964698 -4.683836 0.000000 0.000000 0.000000 1.000000
0.978492 0.063428 -0.196292 3.573095 -0.096571 0.981692 -0.164181 95.576439 0.182284 0.179606 0.966703 -4.425321 0.000000 0.000000 0.000000 1.000000
0.985977 0.065940 -0.153299 0.677469 -0.093253 0.979520 -0.178449 97.169930 0.138392 0.190242 0.971934 -3.867154 0.000000 0.000000 0.000000 1.000000
0.993278 0.049328 -0.104712 -2.159241 -0.066721 0.983230 -0.169725 97.516319 0.094584 0.175571 0.979913 -2.733122 0.000000 0.000000 0.000000 1.000000
0.997571 0.028844 -0.063411 -4.755655 -0.037634 0.989135 -0.142113 96.831184 0.058623 0.144154 0.987817 -1.148860 0.000000 0.000000 0.000000 1.000000
0.999286 0.022403 -0.030422 -7.164855 -0.025620 0.993619 -0.109843 95.563080 0.027767 0.110544 0.993483 0.292677 0.000000 0.000000 0.000000 1.000000
0.999359 0.035581 0.004055 -9.658938 -0.035124 0.995953 -0.082729 93.653229 -0.006982 0.082534 0.996564 0.921953 0.000000 0.000000 0.000000 1.000000
0.997372 0.054964 0.047201 -12.092519 -0.051828 0.996520 -0.065279 91.673241 -0.050624 0.062661 0.996750 0.547441 0.000000 0.000000 0.000000 1.000000
0.993812 0.059091 0.094053 -14.135732 -0.053681 0.996811 -0.059049 89.775406 -0.097242 0.053634 0.993815 -0.404127 0.000000 0.000000 0.000000 1.000000
0.990288 0.043273 0.132125 -15.460668 -0.035637 0.997585 -0.059620 88.079620 -0.134386 0.054333 0.989438 -1.375903 0.000000 0.000000 0.000000 1.000000
0.987720 0.020482 0.154889 -15.896972 -0.011223 0.998110 -0.060413 86.946739 -0.155833 0.057933 0.986083 -2.108833 0.000000 0.000000 0.000000 1.000000
0.985881 0.001372 0.167443 -15.459867 0.009159 0.998028 -0.062106 86.915642 -0.167198 0.062762 0.983924 -2.659899 0.000000 0.000000 0.000000 1.000000
0.983902 -0.016004 0.177990 -14.216904 0.029857 0.996704 -0.075425 88.255463 -0.176196 0.079525 0.981137 -3.186434 0.000000 0.000000 0.000000 1.000000
0.981976 -0.038262 0.185090 -12.242476 0.059509 0.992077 -0.110641 90.674385 -0.179390 0.119661 0.976473 -3.774334 0.000000 0.000000 0.000000 1.000000
0.982311 -0.064166 0.175918 -9.629934 0.093410 0.982134 -0.163364 93.411896 -0.162293 0.176907 0.970755 -4.394269 0.000000 0.000000 0.000000 1.000000
0.986368 -0.085202 0.140778 -6.658978 0.114296 0.970205 -0.213634 95.423698 -0.118381 0.226812 0.966717 -4.846886 0.000000 0.000000 0.000000 1.000000
0.992391 -0.088416 0.085695 -3.523325 0.106582 0.965327 -0.238296 96.281326 -0.061655 0.245616 0.967405 -4.778666 0.000000 0.000000 0.000000 1.000000
0.996809 -0.074101 0.029676 -0.427424 0.078924 0.970569 -0.227522 96.006775 -0.011943 0.229138 0.973321 -3.914357 0.000000 0.000000 0.000000 1.000000
0.997951 -0.061784 -0.016643 2.513461 0.057425 0.979519 -0.192990 94.877831 0.028226 0.191639 0.981060 -2.399064 0.000000 0.000000 0.000000 1.000000
0.995053 -0.075294 -0.064803 5.248520 0.064449 0.985705 -0.155667 93.212357 0.075597 0.150720 0.985682 -0.901859 0.000000 0.000000 0.000000 1.000000
0.984642 -0.114572 -0.131732 7.696619 0.097329 0.986643 -0.130624 91.191032 0.144938 0.115796 0.982641 -0.210855 0.000000 0.000000 0.000000 1.000000
0.965899 -0.151087 -0.210265 9.621603 0.127453 0.984336 -0.121817 89.288231 0.225376 0.090864 0.970025 -0.585412 0.000000 0.000000 0.000000 1.000000
0.950142 -0.155916 -0.270039 10.813715 0.127732 0.984634 -0.119081 87.748535 0.284456 0.078651 0.955457 -1.598737 0.000000 0.000000 0.000000 1.000000
0.949452 -0.126652 -0.287228 11.229556 0.098263 0.988923 -0.111244 86.830658 0.298136 0.077396 0.951381 -2.611538 0.000000 0.000000 0.000000 1.000000
0.960926 -0.085507 -0.263266 10.846954 0.060811 0.993069 -0.100577 86.644791 0.270042 0.080638 0.959466 -3.238094 0.000000 0.000000 0.000000 1.000000
0.974673 -0.050213 -0.217925 9.633878 0.029764 0.994924 -0.096125 87.346581 0.221645 0.087204 0.971220 -3.492495 0.000000 0.000000 0.000000 1.000000
0.985949 -0.017826 -0.166092 7.626009 0.000210 0.994421 -0.105482 89.012772 0.167046 0.103965 0.980452 -3.593149 0.000000 0.000000 0.000000 1.000000
0.993930 0.022484 -0.107689 5.003968 -0.036437 0.990922 -0.129409 91.404373 0.103802 0.132547 0.985726 -3.659791 0.000000 0.000000 0.000000 1.000000
0.996900 0.067355 -0.040675 2.044924 -0.072937 0.984974 -0.156548 93.836945 0.029520 0.159029 0.986833 -3.513324 0.000000 0.000000 0.000000 1.000000
0.995176 0.094423 0.026618 -1.068949 -0.088629 0.981671 -0.168721 95.589088 -0.042061 0.165548 0.985304 -2.736557 0.000000 0.000000 0.000000 1.000000
0.992701 0.088593 0.081826 -4.206924 -0.074949 0.984762 -0.156930 96.238258 -0.094482 0.149652 0.984214 -1.102993 0.000000 0.000000 0.000000 1.000000
0.990103 0.068649 0.122409 -7.147661 -0.052396 0.989947 -0.131373 95.845337 -0.130197 0.123659 0.983747 1.053423 0.000000 0.000000 0.000000 1.000000
0.985423 0.070584 0.154789 -9.655793 -0.053894 0.992525 -0.109495 94.744682 -0.161361 0.099556 0.981861 2.878370 0.000000 0.000000 0.000000 1.000000
0.978927 0.104674 0.175342 -11.652667 -0.088236 0.991160 -0.099075 93.130547 -0.184162 0.081515 0.979510 3.585101 0.000000 0.000000 0.000000 1.000000
0.975799 0.145892 0.162888 -13.086583 -0.131509 0.986666 -0.095894 91.416389 -0.174706 0.072152 0.981973 2.931831 0.000000 0.000000 0.000000 1.000000
0.981966 0.157865 0.104024 -14.230075 -0.148036 0.984283 -0.096297 89.748749 -0.117591 0.079161 0.989902 1.478270 0.000000 0.000000 0.000000 1.000000
0.989770 0.141674 0.016857 -15.254193 -0.139078 0.984429 -0.107505 88.360191 -0.031825 0.104061 0.994062 -0.002255 0.000000 0.000000 0.000000 1.000000
0.990250 0.127739 -0.055570 -16.162615 -0.133943 0.982698 -0.127918 87.521446 0.038268 0.134114 0.990227 -1.041937 0.000000 0.000000 0.000000 1.000000
0.987125 0.136305 -0.083699 -16.905107 -0.147197 0.978878 -0.141887 87.540024 0.062592 0.152380 0.986338 -1.568002 0.000000 0.000000 0.000000 1.000000
0.984574 0.158111 -0.074932 -17.637789 -0.167575 0.975297 -0.143928 88.547997 0.050324 0.154265 0.986747 -1.589275 0.000000 0.000000 0.000000 1.000000
0.982412 0.177517 -0.057921 -18.603569 -0.184094 0.972693 -0.141344 90.461792 0.031248 0.149521 0.988265 -1.163512 0.000000 0.000000 0.000000 1.000000
0.980810 0.188194 -0.050944 -19.904537 -0.193607 0.970946 -0.140643 92.849228 0.022996 0.147807 0.988749 -0.431363 0.000000 0.000000 0.000000 1.000000
0.981276 0.186363 -0.048652 -21.404095 -0.191436 0.971511 -0.139708 94.974030 0.021230 0.146406 0.988997 0.546644 0.000000 0.000000 0.000000 1.000000
0.985543 0.165695 -0.035365 -22.857134 -0.168944 0.976840 -0.131310 96.148087 0.012789 0.135386 0.990710 1.933112 0.000000 0.000000 0.000000 1.000000
0.991747 0.128150 -0.003813 -24.129478 -0.127757 0.985338 -0.113077 96.133774 -0.010733 0.112631 0.993579 3.850100 0.000000 0.000000 0.000000 1.000000
0.994865 0.092318 0.041486 -25.299719 -0.088164 0.991778 -0.092750 95.081886 -0.049707 0.088617 0.994825 5.909419 0.000000 0.000000 0.000000 1.000000
0.992385 0.079779 0.093845 -26.484261 -0.072250 0.994087 -0.081060 93.141670 -0.099757 0.073663 0.992281 7.284703 0.000000 0.000000 0.000000 1.000000
0.985608 0.080901 0.148431 -27.635857 -0.069791 0.994460 -0.078598 90.701653 -0.153967 0.067108 0.985794 7.412026 0.000000 0.000000 0.000000 1.000000
0.978310 0.074614 0.193242 -28.419394 -0.060986 0.995276 -0.075546 88.106667 -0.197966 0.062122 0.978238 6.510250 0.000000 0.000000 0.000000 1.000000
0.975180 0.048738 0.215985 -28.594807 -0.035036 0.997149 -0.066825 85.924095 -0.218626 0.057599 0.974107 5.367685 0.000000 0.000000 0.000000 1.000000
0.975337 0.019851 0.219827 -28.018383 -0.006642 0.998136 -0.060667 84.728081 -0.220621 0.057711 0.973651 4.639310 0.000000 0.000000 0.000000 1.000000
0.974349 0.005987 0.224961 -26.605864 0.009232 0.997741 -0.066540 84.962067 -0.224851 0.066910 0.972093 4.431231 0.000000 0.000000 0.000000 1.000000
0.969692 -0.001111 0.244329 -24.362938 0.022524 0.996138 -0.084863 86.699196 -0.243292 0.087794 0.965972 4.465941 0.000000 0.000000 0.000000 1.000000
0.964117 -0.024811 0.264315 -21.421505 0.055533 0.992445 -0.109405 89.585594 -0.259604 0.120157 0.958211 4.455171 0.000000 0.000000 0.000000 1.000000
0.964144 -0.069329 0.256163 -17.937407 0.106594 0.985154 -0.134574 92.892059 -0.243030 0.157054 0.957220 4.276097 0.000000 0.000000 0.000000 1.000000
0.972786 -0.109358 0.204273 -13.964981 0.143016 0.977024 -0.158018 95.728050 -0.182300 0.182932 0.966076 3.970013 0.000000 0.000000 0.000000 1.000000
0.985207 -0.121034 0.121321 -9.734217 0.140467 0.975879 -0.167120 97.104088 -0.098167 0.181689 0.978444 3.763083 0.000000 0.000000 0.000000 1.000000
0.994610 -0.097824 0.034387 -5.271610 0.101798 0.984274 -0.144370 97.075401 -0.019724 0.147092 0.988926 3.815624 0.000000 0.000000 0.000000 1.000000
0.997429 -0.062779 -0.034543 -0.944497 0.059145 0.993455 -0.097722 95.901443 0.040452 0.095428 0.994614 4.161720 0.000000 0.000000 0.000000 1.000000
0.995386 -0.044988 -0.084757 2.962188 0.039668 0.997197 -0.063444 94.052589 0.087374 0.059789 0.994380 4.494553 0.000000 0.000000 0.000000 1.000000
0.989994 -0.058557 -0.128389 6.405746 0.049753 0.996253 -0.070739 91.668617 0.132050 0.063644 0.989198 4.238099 0.000000 0.000000 0.000000 1.000000
0.980846 -0.095111 -0.169984 9.339843 0.076597 0.990712 -0.112351 88.934914 0.179091 0.097179 0.979021 3.032730 0.000000 0.000000 0.000000 1.000000
0.971593 -0.126191 -0.200209 11.599625 0.096739 0.983843 -0.150650 86.314980 0.215985 0.127003 0.968102 1.208180 0.000000 0.000000 0.000000 1.000000
0.969310 -0.126501 -0.210798 12.893932 0.094587 0.983348 -0.155175 84.486633 0.226918 0.130474 0.965135 -0.431148 0.000000 0.000000 0.000000 1.000000
0.974181 -0.094233 -0.205160 12.976510 0.068125 0.989064 -0.130809 83.921898 0.215243 0.113455 0.969948 -1.211345 0.000000 0.000000 0.000000 1.000000
0.980318 -0.044863 -0.192259 11.823306 0.025271 0.994342 -0.103173 84.711967 0.195800 0.096284 0.975906 -1.022342 0.000000 0.000000 0.000000 1.000000
0.984784 0.008408 -0.173580 9.641775 -0.023785 0.995950 -0.086701 86.638962 0.172148 0.089510 0.980996 -0.213681 0.000000 0.000000 0.000000 1.000000
0.988089 0.063036 -0.140380 6.779545 -0.074531 0.994149 -0.078186 89.321602 0.134630 0.087717 0.987006 0.787173 0.000000 0.000000 0.000000 1.000000
0.989404 0.116887 -0.086125 3.615201 -0.123219 0.989744 -0.072270 92.220001 0.076794 0.082117 0.993660 1.748426 0.000000 0.000000 0.000000 1.000000
0.987215 0.158224 -0.019295 0.492250 -0.159184 0.984898 -0.068097 94.563629 0.008229 0.070298 0.997492 2.682295 0.000000 0.000000 0.000000 1.000000
0.984988 0.168135 0.039095 -2.476272 -0.165499 0.984196 -0.062995 95.775032 -0.049069 0.055579 0.997248 3.762499 0.000000 0.000000 0.000000 1.000000
0.987058 0.144588 0.069362 -5.186889 -0.140968 0.988511 -0.054542 95.571350 -0.076451 0.044058 0.996099 5.072129 0.000000 0.000000 0.000000 1.000000
0.991814 0.109506 0.065669 -7.650990 -0.106520 0.993181 -0.047378 94.182144 -0.070410 0.039995 0.996716 6.401588 0.000000 0.000000 0.000000 1.000000
0.994791 0.093530 0.040523 -10.010883 -0.091773 0.994840 -0.043260 92.126114 -0.044360 0.039316 0.998242 7.270994 0.000000 0.000000 0.000000 1.000000
0.994428 0.104256 0.015606 -12.408504 -0.103701 0.994064 -0.032894 89.825439 -0.018943 0.031092 0.999337 7.268490 0.000000 0.000000 0.000000 1.000000
0.992632 0.121081 0.004519 -14.675097 -0.121021 0.992579 -0.011859 87.753403 -0.005922 0.011225 0.999919 6.456764 0.000000 0.000000 0.000000 1.000000
0.993740 0.111557 0.005990 -16.529911 -0.111605 0.993717 0.008406 85.965286 -0.005014 -0.009022 0.999947 5.339839 0.000000 0.000000 0.000000 1.000000
0.997225 0.073458 0.012070 -17.689507 -0.073612 0.997204 0.012889 84.513268 -0.011089 -0.013742 0.999844 4.374497 0.000000 0.000000 0.000000 1.000000
0.999289 0.032385 0.019320 -18.064217 -0.032361 0.999475 -0.001558 83.675552 -0.019361 0.000932 0.999812 3.738734 0.000000 0.000000 0.000000 1.000000
0.999533 0.008509 0.029335 -17.714808 -0.007802 0.999678 -0.024156 83.971619 -0.029531 0.023916 0.999278 3.426841 0.000000 0.000000 0.000000 1.000000
0.999191 -0.003324 0.040089 -16.702030 0.004993 0.999122 -0.041586 85.698280 -0.039916 0.041753 0.998330 3.437022 0.000000 0.000000 0.000000 1.000000
0.998897 -0.020160 0.042416 -15.053318 0.022165 0.998633 -0.047335 88.541382 -0.041404 0.048222 0.997978 3.800614 0.000000 0.000000 0.000000 1.000000
0.998640 -0.044448 0.027264 -12.798761 0.045561 0.998092 -0.041667 91.666458 -0.025360 0.042852 0.998759 4.523840 0.000000 0.000000 0.000000 1.000000
0.998279 -0.058273 -0.006518 -10.059276 0.058061 0.997892 -0.029004 94.176041 0.008195 0.028576 0.999558 5.592381 0.000000 0.000000 0.000000 1.000000
0.997436 -0.046789 -0.054141 -7.139204 0.045996 0.998816 -0.015817 95.437141 0.054817 0.013286 0.998408 6.966493 0.000000 0.000000 0.000000 1.000000
0.993619 -0.020042 -0.110990 -4.280646 0.019255 0.999781 -0.008164 95.541122 0.111130 0.005975 0.993788 8.479795 0.000000 0.000000 0.000000 1.000000
0.985813 -0.014321 -0.167235 -1.799241 0.013265 0.999884 -0.007431 94.708801 0.167322 0.005107 0.985889 9.755521 0.000000 0.000000 0.000000 1.000000
0.978914 -0.046983 -0.198798 0.245465 0.046397 0.998894 -0.007605 93.050728 0.198935 -0.001779 0.980011 10.339685 0.000000 0.000000 0.000000 1.000000
0.979168 -0.106349 -0.172972 1.512268 0.108669 0.994070 0.003969 91.443161 0.171524 -0.022683 0.984919 9.891468 0.000000 0.000000 0.000000 1.000000
0.986495 -0.144664 -0.076815 2.248883 0.147173 0.988713 0.028040 89.986481 0.071891 -0.038967 0.996651 8.581812 0.000000 0.000000 0.000000 1.000000
0.987410 -0.147226 0.057849 2.604299 0.145552 0.988827 0.032171 88.837296 -0.061939 -0.023346 0.997807 6.893639 0.000000 0.000000 0.000000 1.000000
0.977035 -0.129878 0.168921 2.909096 0.132848 0.991116 -0.006350 87.734573 -0.166596 0.028645 0.985609 5.315685 0.000000 0.000000 0.000000 1.000000
0.969564 -0.122644 0.211905 3.264524 0.138124 0.988607 -0.059808 86.989136 -0.202155 0.087257 0.975459 4.035974 0.000000 0.000000 0.000000 1.000000
0.972362 -0.131832 0.192699 3.860402 0.151369 0.984336 -0.090390 87.098236 -0.177765 0.117060 0.977086 3.177122 0.000000 0.000000 0.000000 1.000000
0.977529 -0.146711 0.151367 4.921788 0.161270 0.982906 -0.088810 88.464806 -0.135750 0.111225 0.984480 2.901484 0.000000 0.000000 0.000000 1.000000
0.979921 -0.156139 0.124002 6.567169 0.165621 0.983688 -0.070190 90.907410 -0.111020 0.089317 0.989796 3.309017 0.000000 0.000000 0.000000 1.000000
0.981016 -0.155107 0.116403 8.665468 0.162032 0.985386 -0.052541 93.679062 -0.106553 0.070404 0.991811 4.329873 0.000000 0.000000 0.000000 1.000000
0.983827 -0.142606 0.108387 10.830407 0.148140 0.987951 -0.044803 95.908737 -0.100692 0.060135 0.993099 5.745941 0.000000 0.000000 0.000000 1.000000
0.989777 -0.120090 0.076945 12.627785 0.124107 0.991021 -0.049739 97.079308 -0.070281 0.058780 0.995794 7.264464 0.000000 0.000000 0.000000 1.000000
0.995472 -0.093577 0.016721 13.845024 0.094484 0.993344 -0.065890 97.096130 -0.010444 0.067171 0.997687 8.539061 0.000000 0.000000 0.000000 1.000000
0.995804 -0.073046 -0.055131 14.662870 0.068163 0.993979 -0.085787 96.027008 0.061065 0.081669 0.994787 9.200599 0.000000 0.000000 0.000000 1.000000
0.991819 -0.060919 -0.112174 15.486228 0.049780 0.993786 -0.099553 94.029472 0.117542 0.093154 0.988689 9.008536 0.000000 0.000000 0.000000 1.000000
0.988893 -0.052262 -0.139138 16.415503 0.038314 0.994138 -0.101104 91.463066 0.143607 0.094651 0.985098 8.076054 0.000000 0.000000 0.000000 1.000000
0.989261 -0.035236 -0.141851 17.199869 0.022404 0.995593 -0.091059 88.812050 0.144435 0.086903 0.985691 6.946111 0.000000 0.000000 0.000000 1.000000
0.990507 -0.004996 -0.137369 17.521265 -0.005496 0.997101 -0.075895 86.291496 0.137350 0.075930 0.987608 6.229830 0.000000 0.000000 0.000000 1.000000
0.990120 0.029138 -0.137159 17.204866 -0.037915 0.997367 -0.061818 84.266739 0.134997 0.066407 0.988618 6.182710 0.000000 0.000000 0.000000 1.000000
0.988463 0.056577 -0.140498 16.276155 -0.064076 0.996720 -0.049432 83.251595 0.137240 0.057865 0.988846 6.622615 0.000000 0.000000 0.000000 1.000000
0.986908 0.078275 -0.141015 14.819429 -0.083943 0.995866 -0.034698 83.762215 0.137716 0.046081 0.989399 7.241760 0.000000 0.000000 0.000000 1.000000
0.985578 0.102558 -0.134600 12.877210 -0.105521 0.994303 -0.015043 85.961159 0.132290 0.029030 0.990786 7.900694 0.000000 0.000000 0.000000 1.000000
0.984134 0.130518 -0.120186 10.451574 -0.130945 0.991380 0.004369 89.332733 0.119721 0.011438 0.992742 8.617677 0.000000 0.000000 0.000000 1.000000
0.983924 0.149412 -0.097827 7.562545 -0.148873 0.988773 0.012832 92.781876 0.098646 0.001938 0.995121 9.408908 0.000000 0.000000 0.000000 1.000000
0.987157 0.144153 -0.068855 4.362490 -0.144180 0.989541 0.004603 95.153648 0.068798 0.005384 0.997616 10.227465 0.000000 0.000000 0.000000 1.000000
0.992833 0.114339 -0.034769 1.120827 -0.114889 0.993276 -0.014245 96.033600 0.032906 0.018138 0.999294 11.077844 0.000000 0.000000 0.000000 1.000000
0.996543 0.082973 0.004114 -1.848131 -0.082809 0.996095 -0.030631 95.686417 -0.006639 0.030184 0.999522 11.879582 0.000000 0.000000 0.000000 1.000000
0.996058 0.075118 0.047175 -4.487417 -0.073483 0.996665 -0.035483 94.558464 -0.049683 0.031877 0.998256 12.358355 0.000000 0.000000 0.000000 1.000000
0.991735 0.093991 0.087335 -6.968325 -0.091708 0.995340 -0.029803 92.913612 -0.089729 0.021547 0.995733 12.091901 0.000000 0.000000 0.000000 1.000000
0.987126 0.115960 0.110158 -9.386785 -0.114472 0.993230 -0.019759 90.928200 -0.111703 0.006894 0.993718 10.864189 0.000000 0.000000 0.000000 1.000000
0.988477 0.107299 0.106774 -11.635542 -0.106723 0.994227 -0.011109 88.643593 -0.107349 -0.000415 0.994221 9.012557 0.000000 0.000000 0.000000 1.000000
0.994125 0.064382 0.087011 -13.301802 -0.063665 0.997911 -0.011004 86.501816 -0.087538 0.005400 0.996147 7.172960 0.000000 0.000000 0.000000 1.000000
0.997097 0.013840 0.074868 -14.105462 -0.012214 0.999681 -0.022129 84.962654 -0.075151 0.021150 0.996948 5.857160 0.000000 0.000000 0.000000 1.000000
0.996045 -0.017223 0.087163 -14.064723 0.020616 0.999058 -0.038178 84.564529 -0.086424 0.039824 0.995462 5.244762 0.000000 0.000000 0.000000 1.000000
0.992599 -0.027343 0.118316 -13.380626 0.033913 0.997971 -0.053878 85.691750 -0.116603 0.057491 0.991513 5.263858 0.000000 0.000000 0.000000 1.000000
0.988200 -0.036634 0.148724 -12.224435 0.047291 0.996512 -0.068761 88.342804 -0.145686 0.074983 0.986485 5.765534 0.000000 0.000000 0.000000 1.000000
0.984917 -0.058671 0.162777 -10.601322 0.072972 0.993848 -0.083315 91.961838 -0.156887 0.093936 0.983139 6.605821 0.000000 0.000000 0.000000 1.000000
0.984142 -0.082267 0.157153 -8.472359 0.098436 0.990303 -0.098034 95.448364 -0.147564 0.111949 0.982696 7.653260 0.000000 0.000000 0.000000 1.000000
0.987166 -0.082188 0.136924 -5.943065 0.097625 0.989111 -0.110127 97.726456 -0.126382 0.122081 0.984441 8.820148 0.000000 0.000000 0.000000 1.000000
0.992896 -0.049518 0.108188 -3.361487 0.061740 0.991708 -0.112713 98.327354 -0.101710 0.118591 0.987720 10.088216 0.000000 0.000000 0.000000 1.000000
0.997240 -0.003446 0.074160 -1.098898 0.011095 0.994622 -0.102976 97.629051 -0.073407 0.103514 0.991915 11.397212 0.000000 0.000000 0.000000 1.000000
0.999090 0.024207 0.035119 0.681877 -0.021030 0.995884 -0.088161 96.198837 -0.037108 0.087342 0.995487 12.453516 0.000000 0.000000 0.000000 1.000000
0.999767 0.019006 -0.010240 2.137739 -0.019766 0.996583 -0.080192 94.474190 0.008681 0.080376 0.996727 12.816368 0.000000 0.000000 0.000000 1.000000
0.998149 -0.008105 -0.060270 3.493722 0.002955 0.996373 -0.085047 92.645050 0.060741 0.084711 0.994552 12.283587 0.000000 0.000000 0.000000 1.000000
0.993655 -0.032498 -0.107676 4.770567 0.022041 0.995048 -0.096920 90.876205 0.110292 0.093932 0.989451 11.236116 0.000000 0.000000 0.000000 1.000000
0.988975 -0.034087 -0.144103 5.845099 0.019169 0.994427 -0.103668 89.158058 0.146834 0.099763 0.984117 10.355200 0.000000 0.000000 0.000000 1.000000
0.986085 -0.016782 -0.165394 6.423326 0.000319 0.995080 -0.099070 87.782707 0.166243 0.097638 0.981239 10.035933 0.000000 0.000000 0.000000 1.000000
0.985410 0.004394 -0.170140 6.272173 -0.019337 0.996084 -0.086274 87.269386 0.169094 0.088305 0.981636 10.213188 0.000000 0.000000 0.000000 1.000000
0.987366 0.025381 -0.156412 5.366056 -0.036761 0.996848 -0.070300 88.135086 0.154134 0.075162 0.985187 10.629451 0.000000 0.000000 0.000000 1.000000
0.990875 0.053457 -0.123731 3.845202 -0.060421 0.996752 -0.053234 90.400787 0.120484 0.060224 0.990887 11.159057 0.000000 0.000000 0.000000 1.000000
0.993116 0.086593 -0.078886 1.844164 -0.089754 0.995260 -0.037447 93.357750 0.075270 0.044269 0.996180 11.864224 0.000000 0.000000 0.000000 1.000000
0.993689 0.106351 -0.035674 -0.531951 -0.107338 0.993856 -0.026986 95.796127 0.032585 0.030644 0.998999 12.824953 0.000000 0.000000 0.000000 1.000000
0.995441 0.095266 -0.004571 -3.225264 -0.095350 0.995141 -0.024533 96.915985 0.002212 0.024857 0.999689 13.944306 0.000000 0.000000 0.000000 1.000000
0.997656 0.066451 0.016348 -5.992788 -0.065963 0.997406 -0.028798 96.787956 -0.018219 0.027652 0.999452 14.989350 0.000000 0.000000 0.000000 1.000000
0.997808 0.055837 0.035530 -8.492093 -0.054750 0.998023 -0.030874 95.952454 -0.037183 0.028861 0.998892 15.641644 0.000000 0.000000 0.000000 1.000000
0.995182 0.083804 0.050883 -10.507053 -0.082849 0.996349 -0.020593 94.875084 -0.052423 0.016278 0.998492 15.682833 0.000000 0.000000 0.000000 1.000000
0.990118 0.134150 0.040866 -11.981247 -0.134257 0.990947 -0.000135 93.948479 -0.040515 -0.005353 0.999165 15.034499 0.000000 0.000000 0.000000 1.000000
0.985700 0.167830 -0.015113 -13.174613 -0.167609 0.985741 0.014880 93.097076 0.017395 -0.012134 0.999775 13.860184 0.000000 0.000000 0.000000 1.000000
0.979562 0.170650 -0.106474 -14.286953 -0.171026 0.985250 0.005659 92.183762 0.105869 0.012667 0.994299 12.471696 0.000000 0.000000 0.000000 1.000000
0.969503 0.157166 -0.188052 -15.424215 -0.164703 0.986025 -0.025046 91.010582 0.181488 0.055255 0.981840 11.176313 0.000000 0.000000 0.000000 1.000000
0.964558 0.151140 -0.216299 -16.491152 -0.165515 0.984946 -0.049855 89.947586 0.205508 0.083888 0.975053 10.148250 0.000000 0.000000 0.000000 1.000000
0.970571 0.152980 -0.185982 -17.501476 -0.165342 0.984822 -0.052789 89.503571 0.175083 0.081986 0.981134 9.525496 0.000000 0.000000 0.000000 1.000000
0.979393 0.156043 -0.128215 -18.543669 -0.162620 0.985774 -0.042473 90.188820 0.119764 0.062448 0.990836 9.390529 0.000000 0.000000 0.000000 1.000000
0.983724 0.161037 -0.079712 -19.728741 -0.164106 0.985872 -0.033541 92.086594 0.073184 0.046076 0.996254 9.735655 0.000000 0.000000 0.000000 1.000000
0.984093 0.168760 -0.055513 -21.165375 -0.170504 0.984950 -0.028311 94.645851 0.049900 0.037326 0.998056 10.490746 0.000000 0.000000 0.000000 1.000000
0.984335 0.169496 -0.048530 -22.939739 -0.170617 0.985135 -0.019956 96.885292 0.044426 0.027924 0.998622 11.583003 0.000000 0.000000 0.000000 1.000000
0.987397 0.151723 -0.045024 -25.007854 -0.152270 0.988298 -0.008964 98.001167 0.043137 0.015706 0.998946 12.917241 0.000000 0.000000 0.000000 1.000000
0.992324 0.118851 -0.034178 -27.119511 -0.119069 0.992876 -0.004394 97.920731 0.033412 0.008429 0.999406 14.299185 0.000000 0.000000 0.000000 1.000000
0.995958 0.089173 -0.010726 -28.980778 -0.089277 0.995960 -0.009618 96.997490 0.009825 0.010537 0.999896 15.400634 0.000000 0.000000 0.000000 1.000000
0.996796 0.077215 0.020883 -30.512115 -0.076841 0.996878 -0.018159 95.420036 -0.022220 0.016497 0.999617 15.867902 0.000000 0.000000 0.000000 1.000000
0.995006 0.089364 0.044461 -31.777973 -0.088332 0.995786 -0.024647 93.498947 -0.046477 0.020596 0.998707 15.490007 0.000000 0.000000 0.000000 1.000000
0.993780 0.102920 0.042524 -33.112450 -0.101637 0.994329 -0.031305 90.998619 -0.045505 0.026789 0.998605 14.427450 0.000000 0.000000 0.000000 1.000000
0.994633 0.102179 0.016260 -34.473057 -0.101389 0.993889 -0.043648 88.181274 -0.020621 0.041766 0.998915 13.128469 0.000000 0.000000 0.000000 1.000000
0.995779 0.091338 -0.009056 -35.603886 -0.091722 0.993908 -0.061110 85.632294 0.003419 0.061683 0.998090 12.112092 0.000000 0.000000 0.000000 1.000000
0.995412 0.095650 -0.002281 -36.275162 -0.095567 0.992843 -0.071623 84.142326 -0.004586 0.071512 0.997429 11.700315 0.000000 0.000000 0.000000 1.000000
0.990387 0.130175 0.046773 -36.400967 -0.126911 0.989646 -0.067038 84.303978 -0.055016 0.060457 0.996653 11.952485 0.000000 0.000000 0.000000 1.000000
0.978051 0.171114 0.118893 -35.898228 -0.165267 0.984572 -0.057485 86.073784 -0.126895 0.036574 0.991242 12.761254 0.000000 0.000000 0.000000 1.000000
