<?xml version="1.0" encoding="utf-8"?>
<COLLADA xmlns="http://www.collada.org/2005/11/COLLADASchema" version="1.4.1">
  <asset><contributor><author>Mixamo</author><authoring_tool>COLLADA Mixamo exporter</authoring_tool><comments></comments></contributor><created>2017-03-27T02:02:31Z</created><modified>2017-03-27T02:02:31Z</modified><revision></revision><title></title><unit meter="0.010000"/><up_axis>Y_UP</up_axis></asset>
  <library_animations>
    <animation id="arissa_Hips-anim" name="arissa_Hips"><source id="arissa_Hips-Matrix-animation-input"><float_array id="arissa_Hips-Matrix-animation-input-array" count="251">

0.000000 0.033333 0.066667 0.100000 0.133333 0.166667 0.200000 0.233333 0.266667 0.300000 0.333333 0.366667 0.400000 0.433333 0.466667 0.500000
0.533333 0.566667 0.600000 0.633333 0.666667 0.700000 0.733333 0.766667 0.800000 0.833333 0.866667 0.900000 0.933333 0.966667 1.000000 1.033333
1.066667 1.100000 1.133333 1.166667 1.200000 1.233333 1.266667 1.300000 1.333333 1.366667 1.400000 1.433333 1.466667 1.500000 1.533333 1.566667
1.600000 1.633333 1.666667 1.700000 1.733333 1.766667 1.800000 1.833333 1.866667 1.900000 1.933333 1.966667 2.000000 2.033333 2.066667 2.100000
2.133333 2.166667 2.200000 2.233333 2.266667 2.300000 2.333333 2.366667 2.400000 2.433333 2.466667 2.500000 2.533333 2.566667 2.600000 2.633333
2.666667 2.700000 2.733333 2.766667 2.800000 2.833333 2.866667 2.900000 2.933333 2.966667 3.000000 3.033333 3.066667 3.100000 3.133333 3.166667
3.200000 3.233333 3.266667 3.300000 3.333333 3.366667 3.400000 3.433333 3.466667 3.500000 3.533333 3.566667 3.600000 3.633333 3.666667 3.700000
3.733333 3.766667 3.800000 3.833333 3.866667 3.900000 3.933333 3.966667 4.000000 4.033333 4.066667 4.100000 4.133333 4.166667 4.200000 4.233333
4.266667 4.300000 4.333333 4.366667 4.400000 4.433333 4.466667 4.500000 4.533333 4.566667 4.600000 4.633333 4.666667 4.700000 4.733333 4.766667
4.800000 4.833333 4.866667 4.900000 4.933333 4.966667 5.000000 5.033333 5.066667 5.100000 5.133333 5.166667 5.200000 5.233333 5.266667 5.300000
5.333333 5.366667 5.400000 5.433333 5.466667 5.500000 5.533333 5.566667 5.600000 5.633333 5.666667 5.700000 5.733333 5.766667 5.800000 5.833333
5.866667 5.900000 5.933333 5.966667 6.000000 6.033333 6.066667 6.100000 6.133333 6.166667 6.200000 6.233333 6.266667 6.300000 6.333333 6.366667
6.400000 6.433333 6.466667 6.500000 6.533333 6.566667 6.600000 6.633333 6.666667 6.700000 6.733333 6.766667 6.800000 6.833333 6.866667 6.900000
6.933333 6.966667 7.000000 7.033333 7.066667 7.100000 7.133333 7.166667 7.200000 7.233333 7.266667 7.300000 7.333333 7.366667 7.400000 7.433333
7.466667 7.500000 7.533333 7.566667 7.600000 7.633333 7.666667 7.700000 7.733333 7.766667 7.800000 7.833333 7.866667 7.900000 7.933333 7.966667
8.000000 8.033333 8.066667 8.100000 8.133333 8.166667 8.200000 8.233333 8.266667 8.300000 8.333333</float_array><technique_common><accessor source="#arissa_Hips-Matrix-animation-input-array" count="251"><param name="TIME" type="float"/></accessor></technique_common></source><source id="arissa_Hips-Matrix-animation-output-transform"><float_array id="arissa_Hips-Matrix-animation-output-transform-array" count="4016">

0.994055 0.059624 -0.091103 0.018340 -0.053791 0.996422 0.065194 95.637749 0.094664 -0.059905 0.993705 0.008709 0.000000 0.000000 0.000000 1.000000
0.994057 0.059624 -0.091082 0.019206 -0.053821 0.996440 0.064885 95.638512 0.094627 -0.059597 0.993727 0.009578 0.000000 0.000000 0.000000 1.000000
0.994043 0.059618 -0.091235 0.020285 -0.053828 0.996455 0.064657 95.640030 0.094767 -0.059361 0.993728 0.014037 0.000000 0.000000 0.000000 1.000000
0.994024 0.059593 -0.091455 0.022064 -0.053806 0.996467 0.064484 95.641930 0.094975 -0.059178 0.993719 0.021051 0.000000 0.000000 0.000000 1.000000
0.993992 0.059599 -0.091805 0.023806 -0.053800 0.996473 0.064394 95.644409 0.095319 -0.059068 0.993693 0.029567 0.000000 0.000000 0.000000 1.000000
0.993936 0.059637 -0.092381 0.025089 -0.053808 0.996476 0.064353 95.647255 0.095893 -0.058992 0.993642 0.038608 0.000000 0.000000 0.000000 1.000000
0.993864 0.059675 -0.093125 0.026318 -0.053810 0.996481 0.064272 95.649811 0.096633 -0.058867 0.993578 0.047251 0.000000 0.000000 0.000000 1.000000
0.993791 0.059712 -0.093884 0.027640 -0.053813 0.996488 0.064157 95.650932 0.097385 -0.058707 0.993514 0.055292 0.000000 0.000000 0.000000 1.000000
0.993718 0.059775 -0.094607 0.028702 -0.053839 0.996490 0.064101 95.650803 0.098107 -0.058605 0.993449 0.063385 0.000000 0.000000 0.000000 1.000000
0.993643 0.059875 -0.095337 0.029687 -0.053896 0.996487 0.064101 95.651695 0.098840 -0.058556 0.993379 0.072101 0.000000 0.000000 0.000000 1.000000
0.993565 0.059997 -0.096066 0.031198 -0.053983 0.996487 0.064020 95.654839 0.099569 -0.058422 0.993314 0.080931 0.000000 0.000000 0.000000 1.000000
0.993490 0.060101 -0.096771 0.033181 -0.054070 0.996498 0.063781 95.658409 0.100266 -0.058134 0.993261 0.089098 0.000000 0.000000 0.000000 1.000000
0.993421 0.060163 -0.097447 0.034782 -0.054125 0.996515 0.063468 95.659752 0.100926 -0.057776 0.993215 0.096523 0.000000 0.000000 0.000000 1.000000
0.993358 0.060224 -0.098047 0.035386 -0.054179 0.996530 0.063195 95.659058 0.101512 -0.057463 0.993173 0.103520 0.000000 0.000000 0.000000 1.000000
0.993301 0.060332 -0.098558 0.034318 -0.054277 0.996536 0.063003 95.658020 0.102018 -0.057232 0.993135 0.110352 0.000000 0.000000 0.000000 1.000000
0.993243 0.060504 -0.099033 0.030515 -0.054436 0.996536 0.062864 95.657509 0.102494 -0.057048 0.993096 0.116714 0.000000 0.000000 0.000000 1.000000
0.993190 0.060704 -0.099440 0.023758 -0.054633 0.996537 0.062678 95.656662 0.102901 -0.056818 0.993068 0.121979 0.000000 0.000000 0.000000 1.000000
0.993157 0.060868 -0.099675 0.015397 -0.054817 0.996548 0.062354 95.655006 0.103126 -0.056464 0.993064 0.126612 0.000000 0.000000 0.000000 1.000000
0.993141 0.060975 -0.099760 0.007014 -0.054963 0.996565 0.061938 95.653328 0.103194 -0.056030 0.993082 0.132138 0.000000 0.000000 0.000000 1.000000
0.993128 0.061073 -0.099835 -0.001046 -0.055097 0.996581 0.061561 95.652832 0.103254 -0.055637 0.993098 0.139115 0.000000 0.000000 0.000000 1.000000
0.993111 0.061190 -0.099931 -0.009666 -0.055238 0.996591 0.061283 95.653473 0.103340 -0.055341 0.993105 0.146821 0.000000 0.000000 0.000000 1.000000
0.993105 0.061283 -0.099935 -0.019523 -0.055361 0.996601 0.060998 95.654327 0.103333 -0.055045 0.993122 0.155199 0.000000 0.000000 0.000000 1.000000
0.993115 0.061303 -0.099819 -0.030174 -0.055432 0.996624 0.060558 95.654427 0.103194 -0.054608 0.993161 0.164918 0.000000 0.000000 0.000000 1.000000
0.993123 0.061276 -0.099759 -0.040484 -0.055467 0.996656 0.060002 95.654160 0.103102 -0.054056 0.993201 0.176844 0.000000 0.000000 0.000000 1.000000
0.993111 0.061262 -0.099887 -0.049807 -0.055496 0.996683 0.059522 95.655525 0.103202 -0.053569 0.993217 0.192093 0.000000 0.000000 0.000000 1.000000
0.993094 0.061208 -0.100090 -0.058056 -0.055463 0.996704 0.059211 95.658569 0.103384 -0.053250 0.993215 0.210918 0.000000 0.000000 0.000000 1.000000
0.993092 0.061054 -0.100204 -0.065238 -0.055322 0.996722 0.059024 95.661804 0.103480 -0.053073 0.993215 0.231939 0.000000 0.000000 0.000000 1.000000
0.993108 0.060810 -0.100195 -0.071849 -0.055085 0.996740 0.058946 95.662498 0.103453 -0.053021 0.993220 0.252842 0.000000 0.000000 0.000000 1.000000
0.993137 0.060543 -0.100069 -0.078855 -0.054817 0.996751 0.059014 95.660927 0.103317 -0.053124 0.993229 0.272670 0.000000 0.000000 0.000000 1.000000
0.993175 0.060293 -0.099845 -0.087313 -0.054558 0.996753 0.059211 95.659767 0.103091 -0.053360 0.993240 0.293134 0.000000 0.000000 0.000000 1.000000
0.993209 0.060069 -0.099638 -0.098126 -0.054313 0.996749 0.059506 95.660469 0.102889 -0.053690 0.993243 0.316861 0.000000 0.000000 0.000000 1.000000
0.993225 0.059884 -0.099589 -0.111293 -0.054088 0.996737 0.059913 95.661987 0.102852 -0.054120 0.993223 0.344022 0.000000 0.000000 0.000000 1.000000
0.993230 0.059738 -0.099632 -0.125432 -0.053888 0.996718 0.060404 95.662750 0.102913 -0.054626 0.993189 0.371661 0.000000 0.000000 0.000000 1.000000
0.993242 0.059606 -0.099587 -0.138735 -0.053707 0.996698 0.060898 95.662666 0.102888 -0.055138 0.993164 0.396898 0.000000 0.000000 0.000000 1.000000
0.993267 0.059469 -0.099423 -0.150962 -0.053531 0.996679 0.061371 95.662323 0.102742 -0.055635 0.993151 0.418803 0.000000 0.000000 0.000000 1.000000
0.993303 0.059301 -0.099157 -0.162626 -0.053326 0.996659 0.061865 95.661598 0.102494 -0.056163 0.993147 0.437235 0.000000 0.000000 0.000000 1.000000
0.993360 0.059082 -0.098723 -0.173838 -0.053074 0.996638 0.062416 95.660629 0.102078 -0.056762 0.993156 0.452540 0.000000 0.000000 0.000000 1.000000
0.993443 0.058792 -0.098051 -0.184408 -0.052764 0.996619 0.062976 95.659607 0.101422 -0.057389 0.993187 0.465499 0.000000 0.000000 0.000000 1.000000
0.993551 0.058412 -0.097179 -0.193869 -0.052383 0.996608 0.063474 95.659119 0.100557 -0.057974 0.993241 0.476428 0.000000 0.000000 0.000000 1.000000
0.993675 0.057950 -0.096184 -0.201809 -0.051936 0.996605 0.063887 95.658981 0.099560 -0.058488 0.993311 0.484205 0.000000 0.000000 0.000000 1.000000
0.993811 0.057474 -0.095065 -0.209072 -0.051493 0.996606 0.064221 95.657867 0.098433 -0.058928 0.993397 0.487646 0.000000 0.000000 0.000000 1.000000
0.993957 0.057061 -0.093771 -0.217688 -0.051130 0.996608 0.064479 95.654579 0.097132 -0.059295 0.993504 0.487601 0.000000 0.000000 0.000000 1.000000
0.994110 0.056704 -0.092355 -0.228347 -0.050836 0.996609 0.064698 95.649567 0.095710 -0.059623 0.993622 0.485717 0.000000 0.000000 0.000000 1.000000
0.994259 0.056354 -0.090958 -0.240036 -0.050546 0.996608 0.064944 95.644394 0.094309 -0.059973 0.993735 0.482854 0.000000 0.000000 0.000000 1.000000
0.994394 0.056005 -0.089694 -0.252614 -0.050246 0.996604 0.065229 95.640251 0.093042 -0.060357 0.993831 0.479126 0.000000 0.000000 0.000000 1.000000
0.994510 0.055686 -0.088599 -0.266946 -0.049969 0.996602 0.065485 95.636780 0.091945 -0.060699 0.993912 0.474970 0.000000 0.000000 0.000000 1.000000
0.994608 0.055397 -0.087670 -0.283189 -0.049719 0.996601 0.065678 95.633263 0.091010 -0.060965 0.993982 0.471812 0.000000 0.000000 0.000000 1.000000
0.994689 0.055131 -0.086917 -0.300679 -0.049482 0.996601 0.065860 95.630470 0.090252 -0.061209 0.994036 0.470633 0.000000 0.000000 0.000000 1.000000
0.994751 0.054898 -0.086351 -0.319720 -0.049265 0.996599 0.066061 95.629242 0.089684 -0.061460 0.994072 0.470751 0.000000 0.000000 0.000000 1.000000
0.994798 0.054707 -0.085930 -0.340524 -0.049085 0.996596 0.066230 95.628479 0.089261 -0.061668 0.994097 0.470996 0.000000 0.000000 0.000000 1.000000
0.994836 0.054551 -0.085592 -0.361370 -0.048944 0.996599 0.066289 95.627342 0.088917 -0.061757 0.994123 0.471118 0.000000 0.000000 0.000000 1.000000
0.994863 0.054401 -0.085366 -0.380142 -0.048814 0.996610 0.066230 95.626221 0.088679 -0.061723 0.994146 0.472115 0.000000 0.000000 0.000000 1.000000
0.994873 0.054242 -0.085356 -0.396906 -0.048662 0.996622 0.066152 95.625572 0.088656 -0.061659 0.994152 0.475240 0.000000 0.000000 0.000000 1.000000
0.994860 0.054088 -0.085605 -0.412130 -0.048493 0.996631 0.066138 95.625908 0.088893 -0.061647 0.994132 0.481210 0.000000 0.000000 0.000000 1.000000
0.994833 0.053942 -0.086009 -0.425008 -0.048317 0.996636 0.066195 95.627205 0.089290 -0.061697 0.994093 0.489714 0.000000 0.000000 0.000000 1.000000
0.994806 0.053790 -0.086417 -0.435206 -0.048130 0.996639 0.066295 95.628822 0.089692 -0.061791 0.994051 0.499469 0.000000 0.000000 0.000000 1.000000
0.994783 0.053629 -0.086777 -0.443663 -0.047935 0.996640 0.066416 95.630226 0.090047 -0.061910 0.994011 0.509262 0.000000 0.000000 0.000000 1.000000
0.994761 0.053474 -0.087132 -0.451035 -0.047744 0.996639 0.066573 95.631157 0.090399 -0.062064 0.993970 0.519171 0.000000 0.000000 0.000000 1.000000
0.994733 0.053347 -0.087526 -0.456734 -0.047573 0.996633 0.066780 95.631577 0.090793 -0.062264 0.993921 0.529623 0.000000 0.000000 0.000000 1.000000
0.994697 0.053258 -0.087980 -0.460819 -0.047434 0.996624 0.067019 95.631645 0.091253 -0.062490 0.993865 0.540085 0.000000 0.000000 0.000000 1.000000
0.994654 0.053200 -0.088501 -0.464231 -0.047319 0.996612 0.067274 95.631424 0.091780 -0.062726 0.993802 0.549991 0.000000 0.000000 0.000000 1.000000
0.994611 0.053161 -0.089013 -0.467768 -0.047223 0.996598 0.067542 95.630554 0.092301 -0.062975 0.993738 0.559435 0.000000 0.000000 0.000000 1.000000
0.994575 0.053163 -0.089414 -0.471598 -0.047174 0.996582 0.067819 95.629173 0.092714 -0.063233 0.993683 0.568886 0.000000 0.000000 0.000000 1.000000
0.994543 0.053217 -0.089731 -0.474878 -0.047180 0.996562 0.068111 95.628098 0.093047 -0.063506 0.993634 0.578277 0.000000 0.000000 0.000000 1.000000
0.994507 0.053297 -0.090080 -0.476101 -0.047207 0.996538 0.068436 95.627640 0.093415 -0.063808 0.993580 0.586442 0.000000 0.000000 0.000000 1.000000
0.994472 0.053389 -0.090413 -0.475189 -0.047242 0.996510 0.068813 95.627708 0.093771 -0.064162 0.993524 0.593410 0.000000 0.000000 0.000000 1.000000
0.994453 0.053513 -0.090547 -0.473586 -0.047317 0.996476 0.069253 95.627922 0.093934 -0.064584 0.993481 0.601056 0.000000 0.000000 0.000000 1.000000
0.994455 0.053670 -0.090438 -0.472319 -0.047435 0.996437 0.069736 95.627502 0.093859 -0.065059 0.993458 0.609711 0.000000 0.000000 0.000000 1.000000
0.994466 0.053831 -0.090221 -0.470828 -0.047565 0.996397 0.070222 95.625877 0.093676 -0.065542 0.993443 0.617244 0.000000 0.000000 0.000000 1.000000
0.994479 0.053972 -0.089991 -0.468741 -0.047677 0.996358 0.070688 95.623817 0.093478 -0.066008 0.993431 0.622407 0.000000 0.000000 0.000000 1.000000
0.994501 0.054095 -0.089679 -0.467154 -0.047778 0.996321 0.071150 95.621613 0.093198 -0.066474 0.993426 0.626469 0.000000 0.000000 0.000000 1.000000
0.994542 0.054208 -0.089151 -0.467697 -0.047880 0.996280 0.071646 95.618637 0.092703 -0.066986 0.993438 0.631541 0.000000 0.000000 0.000000 1.000000
0.994603 0.054301 -0.088406 -0.470114 -0.047972 0.996235 0.072212 95.614372 0.091994 -0.067581 0.993464 0.637910 0.000000 0.000000 0.000000 1.000000
0.994674 0.054355 -0.087573 -0.472745 -0.048024 0.996186 0.072852 95.609169 0.091199 -0.068258 0.993491 0.643823 0.000000 0.000000 0.000000 1.000000
0.994748 0.054372 -0.086722 -0.475786 -0.048038 0.996136 0.073523 95.603531 0.090384 -0.068971 0.993516 0.648165 0.000000 0.000000 0.000000 1.000000
0.994826 0.054371 -0.085817 -0.481297 -0.048043 0.996089 0.074154 95.597771 0.089513 -0.069647 0.993548 0.651733 0.000000 0.000000 0.000000 1.000000
0.994911 0.054354 -0.084842 -0.490402 -0.048045 0.996047 0.074711 95.591797 0.088568 -0.070254 0.993589 0.655620 0.000000 0.000000 0.000000 1.000000
0.995002 0.054306 -0.083796 -0.503458 -0.048030 0.996013 0.075181 95.585884 0.087545 -0.070780 0.993643 0.660796 0.000000 0.000000 0.000000 1.000000
0.995101 0.054211 -0.082675 -0.519973 -0.047985 0.995989 0.075524 95.581383 0.086438 -0.071186 0.993711 0.668298 0.000000 0.000000 0.000000 1.000000
0.995199 0.054088 -0.081571 -0.537930 -0.047925 0.995977 0.075713 95.579651 0.085338 -0.071440 0.993788 0.678016 0.000000 0.000000 0.000000 1.000000
0.995281 0.053983 -0.080638 -0.556168 -0.047879 0.995973 0.075799 95.579720 0.084405 -0.071581 0.993857 0.689201 0.000000 0.000000 0.000000 1.000000
0.995337 0.053899 -0.079989 -0.574279 -0.047835 0.995968 0.075890 95.579880 0.083757 -0.071710 0.993903 0.702045 0.000000 0.000000 0.000000 1.000000
0.995373 0.053786 -0.079617 -0.591648 -0.047734 0.995960 0.076054 95.579666 0.083386 -0.071902 0.993920 0.716929 0.000000 0.000000 0.000000 1.000000
0.995400 0.053607 -0.079409 -0.608802 -0.047551 0.995952 0.076285 95.579117 0.083177 -0.072159 0.993919 0.733459 0.000000 0.000000 0.000000 1.000000
0.995425 0.053396 -0.079238 -0.627989 -0.047331 0.995942 0.076541 95.578308 0.083004 -0.072441 0.993913 0.751312 0.000000 0.000000 0.000000 1.000000
0.995452 0.053220 -0.079018 -0.650883 -0.047150 0.995932 0.076784 95.577637 0.082783 -0.072709 0.993912 0.770476 0.000000 0.000000 0.000000 1.000000
0.995480 0.053085 -0.078753 -0.675847 -0.047018 0.995923 0.076988 95.576988 0.082519 -0.072937 0.993917 0.790392 0.000000 0.000000 0.000000 1.000000
0.995504 0.052934 -0.078553 -0.698922 -0.046867 0.995917 0.077160 95.576508 0.082316 -0.073131 0.993919 0.810119 0.000000 0.000000 0.000000 1.000000
0.995517 0.052738 -0.078514 -0.718026 -0.046660 0.995913 0.077326 95.577003 0.082271 -0.073315 0.993910 0.829783 0.000000 0.000000 0.000000 1.000000
0.995518 0.052530 -0.078641 -0.734470 -0.046431 0.995912 0.077481 95.579063 0.082390 -0.073483 0.993887 0.850332 0.000000 0.000000 0.000000 1.000000
0.995509 0.052345 -0.078878 -0.749888 -0.046217 0.995912 0.077604 95.582115 0.082618 -0.073610 0.993859 0.871169 0.000000 0.000000 0.000000 1.000000
0.995493 0.052159 -0.079198 -0.762952 -0.045996 0.995912 0.077743 95.584206 0.082930 -0.073750 0.993823 0.889027 0.000000 0.000000 0.000000 1.000000
0.995474 0.051952 -0.079577 -0.771746 -0.045739 0.995904 0.077996 95.584564 0.083303 -0.074003 0.993773 0.900990 0.000000 0.000000 0.000000 1.000000
0.995457 0.051760 -0.079917 -0.777133 -0.045490 0.995886 0.078375 95.584648 0.083645 -0.074383 0.993716 0.907432 0.000000 0.000000 0.000000 1.000000
0.995445 0.051613 -0.080161 -0.780259 -0.045293 0.995865 0.078753 95.586655 0.083894 -0.074763 0.993666 0.909876 0.000000 0.000000 0.000000 1.000000
0.995436 0.051464 -0.080367 -0.779699 -0.045112 0.995858 0.078943 95.591011 0.084097 -0.074957 0.993634 0.908721 0.000000 0.000000 0.000000 1.000000
0.995428 0.051253 -0.080599 -0.773589 -0.044891 0.995874 0.078861 95.595932 0.084308 -0.074882 0.993622 0.903701 0.000000 0.000000 0.000000 1.000000
0.995421 0.050983 -0.080852 -0.762473 -0.044626 0.995909 0.078578 95.599319 0.084527 -0.074610 0.993624 0.893994 0.000000 0.000000 0.000000 1.000000
0.995416 0.050702 -0.081091 -0.749049 -0.044358 0.995950 0.078209 95.600937 0.084728 -0.074254 0.993633 0.879188 0.000000 0.000000 0.000000 1.000000
0.995413 0.050446 -0.081288 -0.735665 -0.044121 0.995991 0.077814 95.602196 0.084887 -0.073871 0.993648 0.860919 0.000000 0.000000 0.000000 1.000000
0.995412 0.050222 -0.081446 -0.722772 -0.043919 0.996031 0.077422 95.604195 0.085011 -0.073490 0.993666 0.841223 0.000000 0.000000 0.000000 1.000000
0.995408 0.050024 -0.081617 -0.709433 -0.043736 0.996065 0.077085 95.606636 0.085152 -0.073161 0.993678 0.820966 0.000000 0.000000 0.000000 1.000000
0.995400 0.049840 -0.081827 -0.694717 -0.043561 0.996093 0.076815 95.609222 0.085335 -0.072897 0.993682 0.801097 0.000000 0.000000 0.000000 1.000000
0.995389 0.049668 -0.082058 -0.678426 -0.043393 0.996121 0.076556 95.612473 0.085542 -0.072643 0.993683 0.782855 0.000000 0.000000 0.000000 1.000000
0.995376 0.049526 -0.082304 -0.661459 -0.043260 0.996150 0.076251 95.616577 0.085764 -0.072338 0.993686 0.766099 0.000000 0.000000 0.000000 1.000000
0.995356 0.049447 -0.082587 -0.645325 -0.043191 0.996180 0.075894 95.620499 0.086024 -0.071974 0.993690 0.749075 0.000000 0.000000 0.000000 1.000000
0.995331 0.049410 -0.082920 -0.630661 -0.043165 0.996212 0.075488 95.623451 0.086335 -0.071556 0.993693 0.731208 0.000000 0.000000 0.000000 1.000000
0.995303 0.049350 -0.083285 -0.616276 -0.043121 0.996251 0.074995 95.626602 0.086674 -0.071051 0.993700 0.714454 0.000000 0.000000 0.000000 1.000000
0.995276 0.049262 -0.083656 -0.600286 -0.043060 0.996299 0.074395 95.631363 0.087011 -0.070441 0.993714 0.700171 0.000000 0.000000 0.000000 1.000000
0.995248 0.049221 -0.084017 -0.582762 -0.043050 0.996348 0.073741 95.636818 0.087340 -0.069774 0.993732 0.687164 0.000000 0.000000 0.000000 1.000000
0.995218 0.049248 -0.084357 -0.565090 -0.043108 0.996391 0.073118 95.641991 0.087653 -0.069132 0.993749 0.675444 0.000000 0.000000 0.000000 1.000000
0.995188 0.049263 -0.084697 -0.547192 -0.043146 0.996428 0.072599 95.647919 0.087970 -0.068595 0.993758 0.668578 0.000000 0.000000 0.000000 1.000000
0.995158 0.049178 -0.085101 -0.527683 -0.043064 0.996457 0.072242 95.655457 0.088352 -0.068227 0.993750 0.668657 0.000000 0.000000 0.000000 1.000000
0.995123 0.049019 -0.085600 -0.506856 -0.042885 0.996476 0.072081 95.662727 0.088832 -0.068058 0.993719 0.672596 0.000000 0.000000 0.000000 1.000000
0.995085 0.048897 -0.086114 -0.487249 -0.042725 0.996481 0.072112 95.667923 0.089337 -0.068079 0.993672 0.676137 0.000000 0.000000 0.000000 1.000000
0.995052 0.048867 -0.086502 -0.471203 -0.042652 0.996471 0.072292 95.671173 0.089730 -0.068245 0.993625 0.678592 0.000000 0.000000 0.000000 1.000000
0.995034 0.048884 -0.086705 -0.458487 -0.042633 0.996454 0.072535 95.673676 0.089943 -0.068478 0.993590 0.682115 0.000000 0.000000 0.000000 1.000000
0.995026 0.048873 -0.086800 -0.446941 -0.042594 0.996438 0.072777 95.676071 0.090047 -0.068718 0.993564 0.687822 0.000000 0.000000 0.000000 1.000000
0.995019 0.048824 -0.086913 -0.435029 -0.042515 0.996424 0.073018 95.678604 0.090167 -0.068959 0.993536 0.694803 0.000000 0.000000 0.000000 1.000000
0.995004 0.048783 -0.087102 -0.423145 -0.042439 0.996410 0.073256 95.681648 0.090363 -0.069194 0.993502 0.701752 0.000000 0.000000 0.000000 1.000000
0.994985 0.048791 -0.087318 -0.412781 -0.042415 0.996397 0.073444 95.684753 0.090587 -0.069372 0.993469 0.707278 0.000000 0.000000 0.000000 1.000000
0.994968 0.048840 -0.087481 -0.404752 -0.042444 0.996389 0.073532 95.686523 0.090756 -0.069449 0.993449 0.709930 0.000000 0.000000 0.000000 1.000000
0.994957 0.048895 -0.087574 -0.398028 -0.042494 0.996389 0.073512 95.687202 0.090853 -0.069420 0.993442 0.709666 0.000000 0.000000 0.000000 1.000000
0.994949 0.048944 -0.087638 -0.391377 -0.042548 0.996393 0.073424 95.688644 0.090916 -0.069324 0.993443 0.708071 0.000000 0.000000 0.000000 1.000000
0.994942 0.049008 -0.087681 -0.385262 -0.042619 0.996398 0.073316 95.691093 0.090958 -0.069208 0.993447 0.706335 0.000000 0.000000 0.000000 1.000000
0.994939 0.049099 -0.087670 -0.380635 -0.042719 0.996401 0.073215 95.693680 0.090949 -0.069099 0.993455 0.704890 0.000000 0.000000 0.000000 1.000000
0.994938 0.049199 -0.087622 -0.377511 -0.042834 0.996404 0.073103 95.696289 0.090903 -0.068979 0.993468 0.704438 0.000000 0.000000 0.000000 1.000000
0.994934 0.049293 -0.087615 -0.375208 -0.042943 0.996412 0.072936 95.698845 0.090896 -0.068804 0.993481 0.705168 0.000000 0.000000 0.000000 1.000000
0.994923 0.049396 -0.087683 -0.373649 -0.043061 0.996422 0.072720 95.699760 0.090961 -0.068575 0.993491 0.706052 0.000000 0.000000 0.000000 1.000000
0.994909 0.049539 -0.087761 -0.373478 -0.043218 0.996430 0.072520 95.697884 0.091040 -0.068358 0.993498 0.705880 0.000000 0.000000 0.000000 1.000000
0.994900 0.049722 -0.087765 -0.375631 -0.043414 0.996432 0.072379 95.694107 0.091050 -0.068200 0.993508 0.704734 0.000000 0.000000 0.000000 1.000000
0.994898 0.049918 -0.087672 -0.380745 -0.043624 0.996429 0.072288 95.690292 0.090967 -0.068094 0.993523 0.703737 0.000000 0.000000 0.000000 1.000000
0.994901 0.050108 -0.087527 -0.387915 -0.043830 0.996424 0.072240 95.687294 0.090834 -0.068035 0.993539 0.704242 0.000000 0.000000 0.000000 1.000000
0.994903 0.050288 -0.087400 -0.395267 -0.044020 0.996416 0.072227 95.684860 0.090719 -0.068011 0.993551 0.706738 0.000000 0.000000 0.000000 1.000000
0.994900 0.050454 -0.087342 -0.402257 -0.044193 0.996411 0.072193 95.682434 0.090671 -0.067964 0.993559 0.710872 0.000000 0.000000 0.000000 1.000000
0.994890 0.050598 -0.087372 -0.410420 -0.044345 0.996412 0.072085 95.679237 0.090706 -0.067842 0.993564 0.715712 0.000000 0.000000 0.000000 1.000000
0.994874 0.050725 -0.087479 -0.420992 -0.044484 0.996421 0.071883 95.674576 0.090812 -0.067624 0.993569 0.719534 0.000000 0.000000 0.000000 1.000000
0.994852 0.050870 -0.087644 -0.433336 -0.044646 0.996435 0.071576 95.669823 0.090973 -0.067295 0.993577 0.721512 0.000000 0.000000 0.000000 1.000000
0.994823 0.051058 -0.087863 -0.445434 -0.044854 0.996454 0.071193 95.667526 0.091187 -0.066883 0.993585 0.723296 0.000000 0.000000 0.000000 1.000000
0.994785 0.051272 -0.088167 -0.456379 -0.045085 0.996472 0.070792 95.668358 0.091485 -0.066448 0.993587 0.727352 0.000000 0.000000 0.000000 1.000000
0.994740 0.051463 -0.088570 -0.466831 -0.045287 0.996491 0.070389 95.669632 0.091882 -0.066007 0.993580 0.734054 0.000000 0.000000 0.000000 1.000000
0.994691 0.051592 -0.089034 -0.476549 -0.045423 0.996514 0.069977 95.668854 0.092334 -0.065561 0.993567 0.741656 0.000000 0.000000 0.000000 1.000000
0.994646 0.051675 -0.089494 -0.484921 -0.045511 0.996536 0.069603 95.666519 0.092781 -0.065157 0.993552 0.749216 0.000000 0.000000 0.000000 1.000000
0.994607 0.051743 -0.089888 -0.492748 -0.045579 0.996553 0.069320 95.664467 0.093165 -0.064850 0.993537 0.757523 0.000000 0.000000 0.000000 1.000000
0.994576 0.051795 -0.090198 -0.500607 -0.045633 0.996566 0.069094 95.663391 0.093467 -0.064603 0.993524 0.767189 0.000000 0.000000 0.000000 1.000000
0.994550 0.051811 -0.090476 -0.507866 -0.045655 0.996583 0.068828 95.663155 0.093733 -0.064323 0.993517 0.777920 0.000000 0.000000 0.000000 1.000000
0.994522 0.051770 -0.090808 -0.513920 -0.045625 0.996608 0.068488 95.663620 0.094046 -0.063970 0.993511 0.789521 0.000000 0.000000 0.000000 1.000000
0.994488 0.051683 -0.091228 -0.518776 -0.045546 0.996637 0.068112 95.664467 0.094441 -0.063581 0.993498 0.801757 0.000000 0.000000 0.000000 1.000000
0.994452 0.051581 -0.091680 -0.522827 -0.045451 0.996667 0.067738 95.665215 0.094869 -0.063195 0.993482 0.813446 0.000000 0.000000 0.000000 1.000000
0.994420 0.051501 -0.092065 -0.526752 -0.045382 0.996696 0.067358 95.665939 0.095229 -0.062804 0.993472 0.823154 0.000000 0.000000 0.000000 1.000000
0.994398 0.051454 -0.092331 -0.531389 -0.045358 0.996725 0.066942 95.666603 0.095473 -0.062379 0.993476 0.830855 0.000000 0.000000 0.000000 1.000000
0.994383 0.051411 -0.092521 -0.536717 -0.045348 0.996756 0.066487 95.666328 0.095639 -0.061917 0.993489 0.838165 0.000000 0.000000 0.000000 1.000000
0.994367 0.051341 -0.092725 -0.540984 -0.045305 0.996787 0.066059 95.665672 0.095818 -0.061486 0.993498 0.847132 0.000000 0.000000 0.000000 1.000000
0.994348 0.051247 -0.092985 -0.542460 -0.045226 0.996811 0.065741 95.666702 0.096058 -0.061164 0.993495 0.858436 0.000000 0.000000 0.000000 1.000000
0.994324 0.051169 -0.093280 -0.541642 -0.045149 0.996828 0.065543 95.669670 0.096338 -0.060959 0.993480 0.870517 0.000000 0.000000 0.000000 1.000000
0.994298 0.051126 -0.093577 -0.540379 -0.045098 0.996837 0.065437 95.671997 0.096627 -0.060844 0.993459 0.881545 0.000000 0.000000 0.000000 1.000000
0.994275 0.051091 -0.093849 -0.539422 -0.045046 0.996839 0.065442 95.672104 0.096896 -0.060840 0.993433 0.891890 0.000000 0.000000 0.000000 1.000000
0.994259 0.051043 -0.094045 -0.538729 -0.044972 0.996833 0.065591 95.670578 0.097095 -0.060985 0.993405 0.902453 0.000000 0.000000 0.000000 1.000000
0.994251 0.051008 -0.094142 -0.538692 -0.044904 0.996819 0.065852 95.668549 0.097202 -0.061246 0.993378 0.912560 0.000000 0.000000 0.000000 1.000000
0.994246 0.051028 -0.094191 -0.539356 -0.044890 0.996798 0.066170 95.667183 0.097266 -0.061561 0.993353 0.921892 0.000000 0.000000 0.000000 1.000000
0.994235 0.051128 -0.094246 -0.540564 -0.044953 0.996772 0.066520 95.667580 0.097343 -0.061900 0.993324 0.931401 0.000000 0.000000 0.000000 1.000000
0.994222 0.051299 -0.094291 -0.542997 -0.045087 0.996742 0.066872 95.668503 0.097414 -0.062235 0.993296 0.940881 0.000000 0.000000 0.000000 1.000000
0.994213 0.051518 -0.094263 -0.547302 -0.045275 0.996711 0.067215 95.667290 0.097415 -0.062559 0.993276 0.948645 0.000000 0.000000 0.000000 1.000000
0.994209 0.051768 -0.094173 -0.552013 -0.045493 0.996674 0.067607 95.663185 0.097360 -0.062931 0.993258 0.952714 0.000000 0.000000 0.000000 1.000000
0.994200 0.052031 -0.094128 -0.553999 -0.045713 0.996632 0.068077 95.657829 0.097353 -0.063379 0.993230 0.951430 0.000000 0.000000 0.000000 1.000000
0.994187 0.052276 -0.094121 -0.552503 -0.045916 0.996592 0.068526 95.652275 0.097382 -0.063806 0.993200 0.944722 0.000000 0.000000 0.000000 1.000000
0.994192 0.052495 -0.093949 -0.551744 -0.046112 0.996560 0.068864 95.645752 0.097240 -0.064132 0.993193 0.936026 0.000000 0.000000 0.000000 1.000000
0.994221 0.052704 -0.093530 -0.554970 -0.046321 0.996530 0.069157 95.638573 0.096850 -0.064425 0.993212 0.930350 0.000000 0.000000 0.000000 1.000000
0.994252 0.052899 -0.093081 -0.559392 -0.046510 0.996495 0.069529 95.632431 0.096432 -0.064800 0.993228 0.929916 0.000000 0.000000 0.000000 1.000000
0.994270 0.053057 -0.092798 -0.561326 -0.046637 0.996453 0.070043 95.627899 0.096186 -0.065314 0.993218 0.934120 0.000000 0.000000 0.000000 1.000000
0.994277 0.053190 -0.092651 -0.560751 -0.046712 0.996401 0.070736 95.623306 0.096080 -0.066003 0.993183 0.941162 0.000000 0.000000 0.000000 1.000000
0.994285 0.053330 -0.092488 -0.560186 -0.046780 0.996336 0.071599 95.616997 0.095967 -0.066864 0.993136 0.949035 0.000000 0.000000 0.000000 1.000000
0.994303 0.053479 -0.092199 -0.561951 -0.046856 0.996263 0.072556 95.608650 0.095735 -0.067822 0.993094 0.956039 0.000000 0.000000 0.000000 1.000000
0.994335 0.053629 -0.091768 -0.567314 -0.046942 0.996187 0.073535 95.598625 0.095361 -0.068811 0.993062 0.960836 0.000000 0.000000 0.000000 1.000000
0.994375 0.053812 -0.091232 -0.576591 -0.047071 0.996109 0.074503 95.588425 0.094886 -0.069790 0.993039 0.963338 0.000000 0.000000 0.000000 1.000000
0.994417 0.054025 -0.090641 -0.589243 -0.047244 0.996036 0.075363 95.580513 0.094353 -0.070660 0.993028 0.965511 0.000000 0.000000 0.000000 1.000000
0.994465 0.054187 -0.090012 -0.604083 -0.047394 0.995983 0.075973 95.576401 0.093767 -0.071287 0.993039 0.969153 0.000000 0.000000 0.000000 1.000000
0.994521 0.054235 -0.089364 -0.619484 -0.047456 0.995954 0.076312 95.575043 0.093141 -0.071653 0.993071 0.972486 0.000000 0.000000 0.000000 1.000000
0.994576 0.054184 -0.088784 -0.633395 -0.047432 0.995943 0.076474 95.574547 0.092568 -0.071848 0.993111 0.971143 0.000000 0.000000 0.000000 1.000000
0.994620 0.054100 -0.088337 -0.644880 -0.047376 0.995942 0.076516 95.573700 0.092118 -0.071919 0.993147 0.963163 0.000000 0.000000 0.000000 1.000000
0.994660 0.054048 -0.087927 -0.655964 -0.047360 0.995948 0.076452 95.572021 0.091703 -0.071880 0.993189 0.951611 0.000000 0.000000 0.000000 1.000000
0.994700 0.054026 -0.087480 -0.668315 -0.047382 0.995957 0.076321 95.569794 0.091250 -0.071771 0.993238 0.940593 0.000000 0.000000 0.000000 1.000000
0.994732 0.053956 -0.087156 -0.678773 -0.047349 0.995970 0.076176 95.568588 0.090915 -0.071648 0.993278 0.930558 0.000000 0.000000 0.000000 1.000000
0.994747 0.053793 -0.087087 -0.684182 -0.047202 0.995986 0.076048 95.569664 0.090829 -0.071537 0.993294 0.920369 0.000000 0.000000 0.000000 1.000000
0.994751 0.053579 -0.087182 -0.685607 -0.046992 0.996006 0.075925 95.572128 0.090901 -0.071429 0.993295 0.909091 0.000000 0.000000 0.000000 1.000000
0.994753 0.053379 -0.087276 -0.685795 -0.046800 0.996027 0.075764 95.574112 0.090973 -0.071282 0.993299 0.895728 0.000000 0.000000 0.000000 1.000000
0.994757 0.053223 -0.087329 -0.685714 -0.046660 0.996050 0.075547 95.574623 0.091005 -0.071077 0.993311 0.880475 0.000000 0.000000 0.000000 1.000000
0.994755 0.053119 -0.087412 -0.684472 -0.046570 0.996071 0.075326 95.574432 0.091070 -0.070860 0.993320 0.865036 0.000000 0.000000 0.000000 1.000000
0.994745 0.053048 -0.087569 -0.681432 -0.046502 0.996086 0.075174 95.574692 0.091214 -0.070706 0.993318 0.850448 0.000000 0.000000 0.000000 1.000000
0.994732 0.052982 -0.087758 -0.677254 -0.046430 0.996096 0.075082 95.575851 0.091393 -0.070612 0.993308 0.836259 0.000000 0.000000 0.000000 1.000000
0.994721 0.052915 -0.087922 -0.672791 -0.046363 0.996107 0.074970 95.577652 0.091547 -0.070498 0.993302 0.821908 0.000000 0.000000 0.000000 1.000000
0.994711 0.052869 -0.088065 -0.667752 -0.046321 0.996122 0.074803 95.579010 0.091678 -0.070328 0.993302 0.806950 0.000000 0.000000 0.000000 1.000000
0.994697 0.052867 -0.088224 -0.660344 -0.046322 0.996133 0.074659 95.578842 0.091830 -0.070176 0.993299 0.789694 0.000000 0.000000 0.000000 1.000000
0.994682 0.052927 -0.088349 -0.649538 -0.046377 0.996134 0.074606 95.577118 0.091956 -0.070112 0.993292 0.767853 0.000000 0.000000 0.000000 1.000000
0.994679 0.053047 -0.088315 -0.637016 -0.046504 0.996131 0.074562 95.575226 0.091929 -0.070058 0.993298 0.740769 0.000000 0.000000 0.000000 1.000000
0.994691 0.053206 -0.088081 -0.625438 -0.046695 0.996135 0.074398 95.574356 0.091699 -0.069890 0.993331 0.709083 0.000000 0.000000 0.000000 1.000000
0.994707 0.053408 -0.087776 -0.614404 -0.046944 0.996144 0.074123 95.574051 0.091396 -0.069610 0.993379 0.673576 0.000000 0.000000 0.000000 1.000000
0.994708 0.053670 -0.087610 -0.600518 -0.047244 0.996150 0.073844 95.574402 0.091236 -0.069314 0.993414 0.635868 0.000000 0.000000 0.000000 1.000000
0.994683 0.053941 -0.087722 -0.580002 -0.047529 0.996154 0.073613 95.576599 0.091356 -0.069053 0.993421 0.597908 0.000000 0.000000 0.000000 1.000000
0.994637 0.054129 -0.088127 -0.552484 -0.047709 0.996161 0.073393 95.580902 0.091762 -0.068795 0.993402 0.559973 0.000000 0.000000 0.000000 1.000000
0.994583 0.054220 -0.088685 -0.522138 -0.047783 0.996174 0.073167 95.585594 0.092313 -0.068533 0.993369 0.521769 0.000000 0.000000 0.000000 1.000000
0.994534 0.054298 -0.089182 -0.493951 -0.047843 0.996184 0.072992 95.588806 0.092805 -0.068326 0.993337 0.484528 0.000000 0.000000 0.000000 1.000000
0.994498 0.054436 -0.089506 -0.469343 -0.047969 0.996186 0.072881 95.589981 0.093132 -0.068187 0.993316 0.449242 0.000000 0.000000 0.000000 1.000000
0.994469 0.054625 -0.089709 -0.446621 -0.048158 0.996188 0.072741 95.589767 0.093340 -0.068018 0.993308 0.414780 0.000000 0.000000 0.000000 1.000000
0.994444 0.054823 -0.089866 -0.425007 -0.048370 0.996197 0.072473 95.589340 0.093497 -0.067723 0.993314 0.380318 0.000000 0.000000 0.000000 1.000000
0.994420 0.055003 -0.090018 -0.404424 -0.048578 0.996216 0.072070 95.590103 0.093642 -0.067295 0.993329 0.346847 0.000000 0.000000 0.000000 1.000000
0.994394 0.055158 -0.090212 -0.384310 -0.048763 0.996240 0.071611 95.592834 0.093823 -0.066811 0.993345 0.315539 0.000000 0.000000 0.000000 1.000000
0.994361 0.055290 -0.090490 -0.364001 -0.048916 0.996262 0.071200 95.596687 0.094089 -0.066372 0.993349 0.286055 0.000000 0.000000 0.000000 1.000000
0.994321 0.055409 -0.090860 -0.343178 -0.049040 0.996278 0.070890 95.600334 0.094450 -0.066031 0.993337 0.256688 0.000000 0.000000 0.000000 1.000000
0.994275 0.055541 -0.091287 -0.321970 -0.049169 0.996290 0.070630 95.603508 0.094871 -0.065737 0.993317 0.225888 0.000000 0.000000 0.000000 1.000000
0.994225 0.055703 -0.091730 -0.300681 -0.049335 0.996306 0.070293 95.607033 0.095307 -0.065362 0.993300 0.193942 0.000000 0.000000 0.000000 1.000000
0.994174 0.055870 -0.092180 -0.279043 -0.049520 0.996332 0.069791 95.611130 0.095741 -0.064820 0.993294 0.162539 0.000000 0.000000 0.000000 1.000000
0.994124 0.055982 -0.092649 -0.255897 -0.049663 0.996369 0.069156 95.616203 0.096184 -0.064148 0.993294 0.133034 0.000000 0.000000 0.000000 1.000000
0.994077 0.056016 -0.093133 -0.230460 -0.049732 0.996412 0.068480 95.623001 0.096635 -0.063442 0.993296 0.106027 0.000000 0.000000 0.000000 1.000000
0.994034 0.056017 -0.093588 -0.203119 -0.049766 0.996454 0.067845 95.631424 0.097057 -0.062783 0.993297 0.081850 0.000000 0.000000 0.000000 1.000000
0.993996 0.056034 -0.093980 -0.175289 -0.049809 0.996488 0.067316 95.639931 0.097422 -0.062231 0.993296 0.059846 0.000000 0.000000 0.000000 1.000000
0.993962 0.056079 -0.094308 -0.147824 -0.049871 0.996510 0.066945 95.646667 0.097733 -0.061837 0.993290 0.038300 0.000000 0.000000 0.000000 1.000000
0.993933 0.056142 -0.094581 -0.120695 -0.049937 0.996520 0.066738 95.650848 0.097998 -0.061610 0.993278 0.016199 0.000000 0.000000 0.000000 1.000000
0.993909 0.056223 -0.094784 -0.093945 -0.050013 0.996521 0.066661 95.653023 0.098202 -0.061514 0.993263 -0.005769 0.000000 0.000000 0.000000 1.000000
0.993893 0.056332 -0.094887 -0.068317 -0.050113 0.996514 0.066697 95.654068 0.098313 -0.061535 0.993251 -0.026139 0.000000 0.000000 0.000000 1.000000
0.993886 0.056464 -0.094881 -0.045097 -0.050230 0.996498 0.066850 95.654694 0.098323 -0.061675 0.993242 -0.043426 0.000000 0.000000 0.000000 1.000000
0.993888 0.056602 -0.094782 -0.024852 -0.050350 0.996475 0.067105 95.655327 0.098246 -0.061923 0.993234 -0.056582 0.000000 0.000000 0.000000 1.000000
0.993899 0.056753 -0.094573 -0.006562 -0.050483 0.996447 0.067421 95.656090 0.098063 -0.062235 0.993232 -0.066302 0.000000 0.000000 0.000000 1.000000
0.993921 0.056935 -0.094231 0.011756 -0.050654 0.996416 0.067750 95.657104 0.097750 -0.062565 0.993242 -0.074787 0.000000 0.000000 0.000000 1.000000
0.993949 0.057122 -0.093818 0.030962 -0.050836 0.996384 0.068081 95.658722 0.097368 -0.062900 0.993259 -0.083225 0.000000 0.000000 0.000000 1.000000
0.993972 0.057270 -0.093491 0.050532 -0.050969 0.996352 0.068442 95.660522 0.097070 -0.063264 0.993265 -0.091363 0.000000 0.000000 0.000000 1.000000
0.993978 0.057364 -0.093362 0.070301 -0.051032 0.996320 0.068858 95.661079 0.096968 -0.063678 0.993248 -0.099428 0.000000 0.000000 0.000000 1.000000
0.993974 0.057420 -0.093373 0.090787 -0.051040 0.996287 0.069338 95.659615 0.097007 -0.064154 0.993214 -0.108099 0.000000 0.000000 0.000000 1.000000
0.993975 0.057440 -0.093348 0.111786 -0.051009 0.996251 0.069873 95.656876 0.097012 -0.064690 0.993179 -0.117462 0.000000 0.000000 0.000000 1.000000
0.993994 0.057445 -0.093141 0.131874 -0.050977 0.996216 0.070395 95.653694 0.096832 -0.065224 0.993161 -0.127202 0.000000 0.000000 0.000000 1.000000
0.994029 0.057491 -0.092747 0.148996 -0.051006 0.996182 0.070844 95.650658 0.096466 -0.065691 0.993166 -0.137000 0.000000 0.000000 0.000000 1.000000
0.994064 0.057611 -0.092295 0.162740 -0.051121 0.996151 0.071205 95.648598 0.096042 -0.066064 0.993183 -0.146639 0.000000 0.000000 0.000000 1.000000
0.994093 0.057751 -0.091893 0.174268 -0.051268 0.996128 0.071420 95.647743 0.095662 -0.066287 0.993204 -0.155957 0.000000 0.000000 0.000000 1.000000
0.994119 0.057845 -0.091549 0.184289 -0.051387 0.996123 0.071400 95.647438 0.095324 -0.066276 0.993238 -0.164964 0.000000 0.000000 0.000000 1.000000
0.994145 0.057907 -0.091225 0.192138 -0.051496 0.996137 0.071128 95.647171 0.094992 -0.066014 0.993287 -0.174516 0.000000 0.000000 0.000000 1.000000
0.994168 0.058004 -0.090914 0.197226 -0.051659 0.996162 0.070653 95.647064 0.094663 -0.065544 0.993349 -0.185617 0.000000 0.000000 0.000000 1.000000
0.994184 0.058152 -0.090642 0.200109 -0.051883 0.996194 0.070045 95.646973 0.094370 -0.064935 0.993417 -0.197369 0.000000 0.000000 0.000000 1.000000
0.994195 0.058316 -0.090416 0.201474 -0.052125 0.996227 0.069383 95.646545 0.094121 -0.064268 0.993484 -0.206877 0.000000 0.000000 0.000000 1.000000
0.994207 0.058470 -0.090192 0.201292 -0.052353 0.996259 0.068754 95.645714 0.093875 -0.063633 0.993548 -0.212140 0.000000 0.000000 0.000000 1.000000
0.994220 0.058630 -0.089943 0.198588 -0.052578 0.996283 0.068233 95.645325 0.093609 -0.063110 0.993607 -0.213382 0.000000 0.000000 0.000000 1.000000
0.994231 0.058811 -0.089694 0.192011 -0.052811 0.996296 0.067862 95.645416 0.093353 -0.062733 0.993655 -0.210753 0.000000 0.000000 0.000000 1.000000
0.994239 0.058983 -0.089498 0.182011 -0.053019 0.996302 0.067617 95.644897 0.093156 -0.062482 0.993689 -0.202954 0.000000 0.000000 0.000000 1.000000
0.994241 0.059086 -0.089413 0.170670 -0.053145 0.996308 0.067428 95.643539 0.093067 -0.062288 0.993710 -0.189071 0.000000 0.000000 0.000000 1.000000
0.994234 0.059111 -0.089466 0.159293 -0.053187 0.996320 0.067216 95.642738 0.093110 -0.062070 0.993719 -0.170402 0.000000 0.000000 0.000000 1.000000
0.994218 0.059114 -0.089642 0.147104 -0.053203 0.996337 0.066952 95.643227 0.093272 -0.061796 0.993721 -0.149506 0.000000 0.000000 0.000000 1.000000
0.994195 0.059149 -0.089880 0.132452 -0.053250 0.996353 0.066672 95.643944 0.093496 -0.061499 0.993719 -0.127520 0.000000 0.000000 0.000000 1.000000
0.994170 0.059217 -0.090105 0.114347 -0.053328 0.996366 0.066418 95.643547 0.093711 -0.061226 0.993715 -0.103413 0.000000 0.000000 0.000000 1.000000
