<?xml version="1.0" encoding="utf-8"?>
<COLLADA xmlns="http://www.collada.org/2005/11/COLLADASchema" version="1.4.1">
  <asset><contributor><author>Mixamo</author><authoring_tool>COLLADA Mixamo exporter</authoring_tool><comments></comments></contributor><created>2017-03-27T02:02:32Z</created><modified>2017-03-27T02:02:32Z</modified><revision></revision><title></title><unit meter="0.010000"/><up_axis>Y_UP</up_axis></asset>
  <library_animations>
    <animation id="arissa_Hips-anim" name="arissa_Hips"><source id="arissa_Hips-Matrix-animation-input"><float_array id="arissa_Hips-Matrix-animation-input-array" count="66">

0.000000 0.033333 0.066667 0.100000 0.133333 0.166667 0.200000 0.233333 0.266667 0.300000 0.333333 0.366667 0.400000 0.433333 0.466667 0.500000
0.533333 0.566667 0.600000 0.633333 0.666667 0.700000 0.733333 0.766667 0.800000 0.833333 0.866667 0.900000 0.933333 0.966667 1.000000 1.033333
1.066667 1.100000 1.133333 1.166667 1.200000 1.233333 1.266667 1.300000 1.333333 1.366667 1.400000 1.433333 1.466667 1.500000 1.533333 1.566667
1.600000 1.633333 1.666667 1.700000 1.733333 1.766667 1.800000 1.833333 1.866667 1.900000 1.933333 1.966667 2.000000 2.033333 2.066667 2.100000
2.133333 2.166667</float_array><technique_common><accessor source="#arissa_Hips-Matrix-animation-input-array" count="66"><param name="TIME" type="float"/></accessor></technique_common></source><source id="arissa_Hips-Matrix-animation-output-transform"><float_array id="arissa_Hips-Matrix-animation-output-transform-array" count="1056">

0.994052 0.059677 -0.091100 0.018651 -0.053844 0.996419 0.065193 95.640129 0.094664 -0.059900 0.993705 0.008969 0.000000 0.000000 0.000000 1.000000
0.992969 0.058284 -0.103030 0.221983 -0.052751 0.997056 0.055639 95.641975 0.105970 -0.049813 0.993121 -0.079264 0.000000 0.000000 0.000000 1.000000
0.991365 0.056288 -0.118440 0.517601 -0.051426 0.997719 0.043719 95.676102 0.120631 -0.037251 0.991998 -0.196099 0.000000 0.000000 0.000000 1.000000
0.989046 0.053215 -0.137682 0.908001 -0.049777 0.998359 0.028295 95.718498 0.138962 -0.021132 0.990072 -0.366574 0.000000 0.000000 0.000000 1.000000
0.985631 0.048695 -0.161738 1.387756 -0.048117 0.998814 0.007496 95.729813 0.161912 0.000394 0.986805 -0.633781 0.000000 0.000000 0.000000 1.000000
0.980495 0.041757 -0.192055 1.968389 -0.046668 0.998687 -0.021121 95.645042 0.190921 0.029672 0.981157 -1.060447 0.000000 0.000000 0.000000 1.000000
0.972861 0.030606 -0.229358 2.677566 -0.045397 0.997196 -0.059493 95.356758 0.226894 0.068290 0.971522 -1.706226 0.000000 0.000000 0.000000 1.000000
0.962231 0.013698 -0.271891 3.513796 -0.044558 0.993189 -0.107657 94.709793 0.268565 0.115705 0.956287 -2.596286 0.000000 0.000000 0.000000 1.000000
0.949013 -0.007833 -0.315140 4.413860 -0.046115 0.985487 -0.163365 93.545418 0.311846 0.169568 0.934879 -3.719234 0.000000 0.000000 0.000000 1.000000
0.934812 -0.029643 -0.353903 5.287074 -0.053652 0.973285 -0.223243 91.749298 0.351066 0.227678 0.908249 -5.046085 0.000000 0.000000 0.000000 1.000000
0.922045 -0.047211 -0.384192 6.081258 -0.069548 0.956177 -0.284411 89.272438 0.380783 0.288959 0.878355 -6.513166 0.000000 0.000000 0.000000 1.000000
0.913265 -0.058917 -0.403082 6.808898 -0.092063 0.934036 -0.345111 86.201500 0.396826 0.352287 0.847598 -7.987307 0.000000 0.000000 0.000000 1.000000
0.910469 -0.066545 -0.408188 7.512012 -0.114719 0.907606 -0.403846 82.799675 0.397347 0.414516 0.818713 -9.295424 0.000000 0.000000 0.000000 1.000000
0.913822 -0.072439 -0.399601 8.205256 -0.130361 0.879570 -0.457562 79.411407 0.384623 0.470223 0.794327 -10.308297 0.000000 0.000000 0.000000 1.000000
0.920708 -0.077319 -0.382517 8.859273 -0.136257 0.854801 -0.500749 76.312271 0.365693 0.513164 0.776486 -10.961499 0.000000 0.000000 0.000000 1.000000
0.926918 -0.081136 -0.366387 9.408012 -0.134689 0.839360 -0.526625 73.786079 0.350259 0.537487 0.767090 -11.165228 0.000000 0.000000 0.000000 1.000000
0.929162 -0.085438 -0.359665 9.829605 -0.127328 0.839428 -0.528345 72.332199 0.347053 0.536713 0.769086 -10.871621 0.000000 0.000000 0.000000 1.000000
0.925087 -0.093894 -0.367965 10.227838 -0.112467 0.857746 -0.501621 72.361732 0.362720 0.505427 0.782929 -10.148976 0.000000 0.000000 0.000000 1.000000
0.912469 -0.110899 -0.393829 10.632988 -0.085911 0.889173 -0.449434 73.761230 0.400024 0.443929 0.801815 -9.005063 0.000000 0.000000 0.000000 1.000000
0.892551 -0.135618 -0.430069 10.954494 -0.043275 0.923544 -0.381042 76.197426 0.448864 0.358711 0.818442 -7.401495 0.000000 0.000000 0.000000 1.000000
0.874813 -0.157256 -0.458228 10.937354 0.011533 0.952344 -0.304809 79.669930 0.484323 0.261366 0.834936 -5.571856 0.000000 0.000000 0.000000 1.000000
0.875926 -0.160608 -0.454928 10.337878 0.061065 0.972286 -0.225680 84.371201 0.478566 0.169898 0.861458 -3.968498 0.000000 0.000000 0.000000 1.000000
0.905949 -0.140280 -0.399473 9.118402 0.086606 0.984966 -0.149471 90.265884 0.414435 0.100817 0.904477 -2.850807 0.000000 0.000000 0.000000 1.000000
0.952932 -0.112838 -0.281405 7.327824 0.091407 0.991900 -0.088198 96.792435 0.289078 0.058324 0.955527 -2.188279 0.000000 0.000000 0.000000 1.000000
0.988364 -0.096493 -0.117586 5.322909 0.089979 0.994164 -0.059515 102.983871 0.122642 0.048242 0.991278 -2.033165 0.000000 0.000000 0.000000 1.000000
0.994800 -0.090878 0.045971 3.717665 0.094039 0.992958 -0.072049 107.877670 -0.039099 0.075998 0.996341 -2.686645 0.000000 0.000000 0.000000 1.000000
0.988156 -0.044443 0.146873 3.142389 0.061697 0.991437 -0.115092 112.885292 -0.140500 0.122790 0.982437 -4.267569 0.000000 0.000000 0.000000 1.000000
0.984604 0.002962 0.174773 3.228277 0.026656 0.985618 -0.166873 116.602478 -0.172753 0.168963 0.970365 -6.240973 0.000000 0.000000 0.000000 1.000000
0.986097 0.039528 0.161400 3.472622 -0.004357 0.977112 -0.212680 118.783310 -0.166113 0.209020 0.963700 -7.781586 0.000000 0.000000 0.000000 1.000000
0.988098 0.065326 0.139268 3.652969 -0.028518 0.967447 -0.251463 120.644348 -0.151162 0.244498 0.957795 -8.942192 0.000000 0.000000 0.000000 1.000000
0.989411 0.079873 0.121184 3.735595 -0.042381 0.957557 -0.285111 122.320938 -0.138814 0.276956 0.950803 -9.965155 0.000000 0.000000 0.000000 1.000000
0.991009 0.087766 0.100991 3.839379 -0.052969 0.950481 -0.306235 123.178635 -0.122867 0.298132 0.946584 -10.503662 0.000000 0.000000 0.000000 1.000000
0.992970 0.093847 0.072136 4.080751 -0.067682 0.950128 -0.304427 122.591873 -0.097108 0.297404 0.949800 -10.211413 0.000000 0.000000 0.000000 1.000000
0.994537 0.098085 0.035721 4.479080 -0.084244 0.956236 -0.280207 120.667450 -0.061642 0.275667 0.959275 -9.211293 0.000000 0.000000 0.000000 1.000000
0.994853 0.101319 -0.001673 5.117812 -0.098610 0.964189 -0.246203 118.094772 -0.023332 0.245100 0.969217 -7.905512 0.000000 0.000000 0.000000 1.000000
0.993934 0.105462 -0.031179 6.046108 -0.109694 0.970961 -0.212607 115.300781 0.007852 0.214738 0.976640 -6.309984 0.000000 0.000000 0.000000 1.000000
0.992663 0.112084 -0.045357 7.074252 -0.118385 0.977247 -0.175995 111.863937 0.024599 0.180073 0.983346 -3.908975 0.000000 0.000000 0.000000 1.000000
0.991884 0.122281 -0.034844 7.751920 -0.125805 0.983566 -0.129506 107.025429 0.018435 0.132839 0.990966 -0.751427 0.000000 0.000000 0.000000 1.000000
0.991138 0.132324 0.011676 7.565117 -0.130915 0.987909 -0.083045 101.029137 -0.022524 0.080781 0.996477 2.104788 0.000000 0.000000 0.000000 1.000000
0.985224 0.142729 0.094670 6.252515 -0.137363 0.988641 -0.060990 94.870697 -0.102299 0.047085 0.993639 3.653894 0.000000 0.000000 0.000000 1.000000
0.966787 0.164525 0.195586 4.124024 -0.152064 0.985350 -0.077212 89.150551 -0.205424 0.044906 0.977642 3.669355 0.000000 0.000000 0.000000 1.000000
0.941767 0.196087 0.273175 2.218513 -0.169462 0.978434 -0.118109 84.400879 -0.290443 0.064938 0.954686 2.724549 0.000000 0.000000 0.000000 1.000000
0.930837 0.212706 0.297150 1.132391 -0.172390 0.972571 -0.156167 81.709221 -0.322217 0.094141 0.941973 1.334897 0.000000 0.000000 0.000000 1.000000
0.937056 0.206041 0.281911 0.568763 -0.160802 0.971279 -0.175384 81.066666 -0.309951 0.119013 0.943274 -0.201569 0.000000 0.000000 0.000000 1.000000
0.944633 0.192129 0.265996 0.137853 -0.147418 0.972728 -0.179077 81.825218 -0.293148 0.129950 0.947194 -1.510965 0.000000 0.000000 0.000000 1.000000
0.945268 0.185166 0.268666 -0.246382 -0.139659 0.973750 -0.179739 83.490593 -0.294895 0.132380 0.946315 -2.530705 0.000000 0.000000 0.000000 1.000000
0.944969 0.181589 0.272139 -0.441227 -0.134521 0.973913 -0.182753 85.624168 -0.298225 0.136087 0.944744 -3.357559 0.000000 0.000000 0.000000 1.000000
0.953155 0.171563 0.249123 -0.301445 -0.127621 0.974790 -0.183025 87.908211 -0.274242 0.142658 0.951020 -3.995839 0.000000 0.000000 0.000000 1.000000
0.968052 0.152655 0.198927 0.088554 -0.118785 0.977849 -0.172341 90.053474 -0.220829 0.143205 0.964742 -4.324348 0.000000 0.000000 0.000000 1.000000
0.980049 0.132527 0.148120 0.454195 -0.110371 0.982667 -0.148942 91.746078 -0.165292 0.129622 0.977689 -4.290842 0.000000 0.000000 0.000000 1.000000
0.985844 0.118173 0.118938 0.615180 -0.103950 0.987386 -0.119426 92.837601 -0.131550 0.105371 0.985693 -4.072351 0.000000 0.000000 0.000000 1.000000
0.988174 0.109124 0.107725 0.640635 -0.099508 0.990872 -0.090945 93.425171 -0.116666 0.079150 0.990012 -3.861648 0.000000 0.000000 0.000000 1.000000
0.990152 0.102319 0.095553 0.689719 -0.096307 0.993191 -0.065554 93.740295 -0.101610 0.055706 0.993263 -3.686278 0.000000 0.000000 0.000000 1.000000
0.992925 0.095463 0.070613 0.794193 -0.092663 0.994814 -0.041932 93.970428 -0.074250 0.035092 0.996622 -3.478537 0.000000 0.000000 0.000000 1.000000
0.995407 0.088242 0.037112 0.874232 -0.087565 0.995968 -0.019480 94.170517 -0.038682 0.016141 0.999121 -3.202937 0.000000 0.000000 0.000000 1.000000
0.996619 0.081929 0.006133 0.889703 -0.081936 0.996637 0.000788 94.341805 -0.006048 -0.001287 0.999981 -2.890774 0.000000 0.000000 0.000000 1.000000
0.996854 0.077419 -0.016986 0.875324 -0.077116 0.996862 0.017861 94.522743 0.018316 -0.016495 0.999696 -2.575723 0.000000 0.000000 0.000000 1.000000
0.996626 0.074296 -0.034875 0.860421 -0.073209 0.996820 0.031474 94.763733 0.037102 -0.028815 0.998896 -2.247051 0.000000 0.000000 0.000000 1.000000
0.996110 0.071423 -0.051607 0.835230 -0.069307 0.996724 0.041698 95.054604 0.054416 -0.037959 0.997797 -1.885938 0.000000 0.000000 0.000000 1.000000
0.995388 0.068079 -0.067588 0.789123 -0.064853 0.996699 0.048838 95.323051 0.070690 -0.044230 0.996517 -1.510520 0.000000 0.000000 0.000000 1.000000
0.994643 0.064591 -0.080699 0.730527 -0.060370 0.996731 0.053697 95.505119 0.083904 -0.048537 0.995291 -1.163158 0.000000 0.000000 0.000000 1.000000
0.994050 0.061848 -0.089664 0.661216 -0.056851 0.996739 0.057260 95.593094 0.092913 -0.051822 0.994325 -0.867461 0.000000 0.000000 0.000000 1.000000
0.993671 0.060351 -0.094738 0.561068 -0.054807 0.996688 0.060069 95.620605 0.098050 -0.054497 0.993688 -0.615451 0.000000 0.000000 0.000000 1.000000
0.993539 0.059855 -0.096424 0.412105 -0.054002 0.996601 0.062205 95.625565 0.099820 -0.056596 0.993395 -0.389650 0.000000 0.000000 0.000000 1.000000
0.993682 0.059756 -0.095005 0.222729 -0.053826 0.996510 0.063797 95.629578 0.098486 -0.058280 0.993430 -0.181661 0.000000 0.000000 0.000000 1.000000
0.994052 0.059677 -0.091100 0.018649 -0.053844 0.996419 0.065193 95.640129 0.094664 -0.059900 0.993705 0.008969 0.000000 0.000000 0.000000 1.000000</float_array><technique_common><accessor source="#arissa_Hips-Matrix-animation-output-transform-array" count="66" stride="16"><param type="float4x4"/></accessor></technique_common></source><source id="arissa_Hips-Interpolations"><Name_array id="arissa_Hips-Interpolations-array" count="66">
 LINEAR LINEAR LINEAR LINEAR LINEAR LINEAR LINEAR LINEAR LINEAR LINEAR LINEAR
LINEAR LINEAR LINEAR LINEAR LINEAR LINEAR LINEAR LINEAR LINEAR LINEAR LINEAR LINEAR
LINEAR LINEAR LINEAR LINEAR LINEAR LINEAR LINEAR LINEAR LINEAR LINEAR LINEAR LINEAR
LINEAR LINEAR LINEAR LINEAR LINEAR LINEAR LINEAR LINEAR LINEAR LINEAR LINEAR LINEAR
LINEAR LINEAR LINEAR LINEAR LINEAR LINEAR LINEAR LINEAR LINEAR LINEAR LINEAR LINEAR
LINEAR LINEAR LINEAR LINEAR LINEAR LINEAR LINEAR</Name_array><technique_common><accessor source="#arissa_Hips-Interpolations-array" count="66"><param type="name"/></accessor></technique_common></source><sampler id="arissa_Hips-Matrix-animation-transform"><input semantic="INPUT" source="#arissa_Hips-Matrix-animation-input"/><input semantic="OUTPUT" source="#arissa_Hips-Matrix-animation-output-transform"/><input semantic="INTERPOLATION" source="#arissa_Hips-Interpolations"/></sampler><channel source="#arissa_Hips-Matrix-animation-transform" target="arissa_Hips/matrix"/></animation>
    <animation id="arissa_Spine-anim" name="arissa_Spine"><source id="arissa_Spine-Matrix-animation-input"><float_array id="arissa_Spine-Matrix-animation-input-array" count="66">

0.000000 0.033333 0.066667 0.100000 0.133333 0.166667 0.200000 0.233333 0.266667 0.300000 0.333333 0.366667 0.400000 0.433333 0.466667 0.500000
0.533333 0.566667 0.600000 0.633333 0.666667 0.700000 0.733333 0.766667 0.800000 0.833333 0.866667 0.900000 0.933333 0.966667 1.000000 1.033333
1.066667 1.100000 1.133333 1.166667 1.200000 1.233333 1.266667 1.300000 1.333333 1.366667 1.400000 1.433333 1.466667 1.500000 1.533333 1.566667
1.600000 1.633333 1.666667 1.700000 1.733333 1.766667 1.800000 1.833333 1.866667 1.900000 1.933333 1.966667 2.000000 2.033333 2.066667 2.100000
2.133333 2.166667</float_array><technique_common><accessor source="#arissa_Spine-Matrix-animation-input-array" count="66"><param name="TIME" type="float"/></accessor></technique_common></source><source id="arissa_Spine-Matrix-animation-output-transform"><float_array id="arissa_Spine-Matrix-animation-output-transform-array" count="1056">

0.998759 -0.042003 0.026747 -0.000000 0.043489 0.997390 -0.057641 9.226300 -0.024256 0.058733 0.997979 1.577100 0.000000 0.000000 0.000000 1.000000
0.998603 -0.043152 0.030502 0.000000 0.044887 0.997266 -0.058694 9.226300 -0.027885 0.059981 0.997810 1.577100 0.000000 0.000000 0.000000 1.000000
0.998472 -0.044616 0.032600 0.000000 0.046545 0.997049 -0.061043 9.226300 -0.029780 0.062467 0.997603 1.577100 0.000000 0.000000 0.000000 1.000000
0.998413 -0.046076 0.032387 0.000000 0.048091 0.996760 -0.064472 9.226300 -0.029311 0.065928 0.997394 1.577100 0.000000 0.000000 0.000000 1.000000
0.998440 -0.047056 0.030057 0.000000 0.049021 0.996453 -0.068394 9.226300 -0.026732 0.069761 0.997206 1.577100 0.000000 0.000000 0.000000 1.000000
0.998564 -0.046481 0.026636 0.000000 0.048299 0.996219 -0.072219 9.226300 -0.023178 0.073402 0.997033 1.577100 0.000000 0.000000 0.000000 1.000000
0.998828 -0.042694 0.022785 0.000000 0.044315 0.996111 -0.076156 9.226300 -0.019445 0.077077 0.996836 1.577100 0.000000 0.000000 0.000000 1.000000
0.999252 -0.034423 0.017600 -0.000000 0.035750 0.996019 -0.081656 9.226300 -0.014719 0.082224 0.996505 1.577100 0.000000 0.000000 0.000000 1.000000
0.999707 -0.022642 0.008541 0.000000 0.023325 0.995584 -0.090927 9.226300 -0.006444 0.091099 0.995821 1.577100 0.000000 0.000000 0.000000 1.000000
0.999911 -0.011349 -0.006980 -0.000000 0.010549 0.994356 -0.105574 9.226300 0.008138 0.105491 0.994387 1.577100 0.000000 0.000000 0.000000 1.000000
0.999564 -0.005441 -0.029031 0.000000 0.001765 0.992133 -0.125174 9.226300 0.029483 0.125069 0.991710 1.577100 0.000000 0.000000 0.000000 1.000000
0.998549 -0.007520 -0.053318 0.000000 -0.000386 0.989175 -0.146741 9.226300 0.053845 0.146549 0.987737 1.577100 0.000000 0.000000 0.000000 1.000000
0.997231 -0.015917 -0.072641 -0.000000 0.003663 0.986152 -0.165801 9.226300 0.074274 0.165076 0.983480 1.577100 0.000000 0.000000 0.000000 1.000000
0.996303 -0.025961 -0.081895 0.000000 0.010929 0.983805 -0.178911 9.226300 0.085214 0.177354 0.980451 1.577100 0.000000 0.000000 0.000000 1.000000
0.996046 -0.033838 -0.082144 0.000000 0.018060 0.982437 -0.185717 9.226300 0.086985 0.183499 0.979164 1.577100 0.000000 0.000000 0.000000 1.000000
0.996098 -0.039439 -0.078957 0.000000 0.023958 0.981842 -0.188180 9.226300 0.084945 0.185554 0.978956 1.577100 0.000000 0.000000 0.000000 1.000000
0.996038 -0.045201 -0.076578 0.000000 0.030134 0.981790 -0.187564 9.226300 0.083662 0.184513 0.979263 1.577100 0.000000 0.000000 0.000000 1.000000
0.995914 -0.051816 -0.073959 -0.000000 0.037526 0.982403 -0.182965 9.226300 0.082138 0.179442 0.980334 1.577100 0.000000 0.000000 0.000000 1.000000
0.996326 -0.055389 -0.065316 0.000000 0.043368 0.983984 -0.172900 9.226300 0.073847 0.169432 0.982771 1.577100 0.000000 0.000000 0.000000 1.000000
0.997774 -0.050342 -0.043731 0.000000 0.042876 0.986594 -0.157461 9.226300 0.051072 0.155235 0.986556 1.577100 0.000000 0.000000 0.000000 1.000000
0.999311 -0.036387 -0.007380 -0.000000 0.035007 0.989643 -0.139219 9.226300 0.012369 0.138864 0.990234 1.577100 0.000000 0.000000 0.000000 1.000000
0.999236 -0.018804 0.034271 0.000000 0.022867 0.992227 -0.122324 9.226300 -0.031704 0.123014 0.991898 1.577100 0.000000 0.000000 0.000000 1.000000
0.998097 0.001947 0.061639 -0.000000 0.004867 0.993898 -0.110198 9.226300 -0.061478 0.110289 0.991996 1.577100 0.000000 0.000000 0.000000 1.000000
0.997777 0.033937 0.057350 0.000000 -0.027807 0.994137 -0.104487 9.226300 -0.060560 0.102660 0.992871 1.577100 0.000000 0.000000 0.000000 1.000000
0.996780 0.077315 0.021275 -0.000000 -0.074623 0.991472 -0.106835 9.226300 -0.029354 0.104903 0.994049 1.577100 0.000000 0.000000 0.000000 1.000000
0.993139 0.113645 -0.027576 0.000000 -0.116164 0.985873 -0.120668 9.226300 0.013473 0.123043 0.992310 1.577100 0.000000 0.000000 0.000000 1.000000
0.990910 0.117973 -0.064656 0.000000 -0.126464 0.980772 -0.148638 9.226300 0.045877 0.155463 0.986776 1.577100 0.000000 0.000000 0.000000 1.000000
0.992183 0.093892 -0.082208 0.000000 -0.107879 0.976462 -0.186773 9.226300 0.062737 0.194182 0.978957 1.577100 0.000000 0.000000 0.000000 1.000000
0.994335 0.062614 -0.085894 0.000000 -0.080437 0.971502 -0.222967 9.226300 0.069486 0.228613 0.971034 1.577100 0.000000 0.000000 0.000000 1.000000
0.996060 0.039461 -0.079413 0.000000 -0.057860 0.967847 -0.244794 9.226300 0.067200 0.248425 0.966317 1.577100 0.000000 0.000000 0.000000 1.000000
0.997840 0.026423 -0.060150 0.000000 -0.040608 0.967775 -0.248522 9.226300 0.051645 0.250427 0.966757 1.577100 0.000000 0.000000 0.000000 1.000000
0.999457 0.018373 -0.027336 0.000000 -0.024410 0.970406 -0.240243 9.226300 0.022113 0.240780 0.970328 1.577100 0.000000 0.000000 0.000000 1.000000
0.999876 0.009927 0.012262 0.000000 -0.006854 0.973371 -0.229133 9.226300 -0.014210 0.229021 0.973318 1.577100 0.000000 0.000000 0.000000 1.000000
0.998846 -0.002033 0.047982 -0.000000 0.012513 0.975608 -0.219162 9.226300 -0.046366 0.219509 0.974508 1.577100 0.000000 0.000000 0.000000 1.000000
0.997112 -0.020009 0.073267 0.000000 0.034840 0.977689 -0.207150 9.226300 -0.067487 0.209105 0.975562 1.577100 0.000000 0.000000 0.000000 1.000000
0.994989 -0.045017 0.089278 0.000000 0.061263 0.980153 -0.188537 9.226300 -0.079019 0.193062 0.978000 1.577100 0.000000 0.000000 0.000000 1.000000
0.992430 -0.070816 0.100341 0.000000 0.086696 0.982649 -0.163966 9.226300 -0.086989 0.171424 0.981349 1.577100 0.000000 0.000000 0.000000 1.000000
0.990677 -0.083756 0.107446 0.000000 0.098453 0.985286 -0.139710 9.226300 -0.094163 0.148986 0.984346 1.577100 0.000000 0.000000 0.000000 1.000000
0.991440 -0.075350 0.106623 0.000000 0.088297 0.988541 -0.122432 9.226300 -0.096176 0.130798 0.986733 1.577100 0.000000 0.000000 0.000000 1.000000
0.994030 -0.053791 0.094925 -0.000000 0.064610 0.991279 -0.114851 9.226300 -0.087920 0.120298 0.988837 1.577100 0.000000 0.000000 0.000000 1.000000
0.996278 -0.034579 0.078960 0.000000 0.043614 0.992323 -0.115731 9.226300 -0.074352 0.118744 0.990137 1.577100 0.000000 0.000000 0.000000 1.000000
0.997002 -0.025604 0.073023 -0.000000 0.034348 0.992043 -0.121125 9.226300 -0.069341 0.123270 0.989948 1.577100 0.000000 0.000000 0.000000 1.000000
0.996374 -0.020039 0.082692 0.000000 0.030472 0.991448 -0.126898 9.226300 -0.079442 0.128958 0.988463 1.577100 0.000000 0.000000 0.000000 1.000000
0.995138 -0.013225 0.097600 0.000000 0.025945 0.991143 -0.130241 9.226300 -0.095013 0.132140 0.986667 1.577100 0.000000 0.000000 0.000000 1.000000
0.994738 -0.010275 0.101936 0.000000 0.023554 0.991243 -0.129936 9.226300 -0.099708 0.131654 0.986269 1.577100 0.000000 0.000000 0.000000 1.000000
0.995648 -0.016130 0.091785 0.000000 0.027666 0.991665 -0.125839 9.226300 -0.088990 0.127831 0.987796 1.577100 0.000000 0.000000 0.000000 1.000000
0.996580 -0.025739 0.078520 0.000000 0.034973 0.992327 -0.118592 9.226300 -0.074865 0.120932 0.989834 1.577100 0.000000 0.000000 0.000000 1.000000
0.996698 -0.030503 0.075250 0.000000 0.038654 0.993251 -0.109356 9.226300 -0.071407 0.111904 0.991150 1.577100 0.000000 0.000000 0.000000 1.000000
0.996175 -0.028611 0.082566 0.000000 0.036791 0.994376 -0.099315 9.226300 -0.079260 0.101973 0.991625 1.577100 0.000000 0.000000 0.000000 1.000000
0.995669 -0.024906 0.089567 -0.000000 0.032931 0.995463 -0.089265 9.226300 -0.086938 0.091828 0.991972 1.577100 0.000000 0.000000 0.000000 1.000000
0.995936 -0.023754 0.086871 0.000000 0.030720 0.996341 -0.079754 9.226300 -0.084659 0.082099 0.993022 1.577100 0.000000 0.000000 0.000000 1.000000
0.996790 -0.025787 0.075790 0.000000 0.031244 0.996935 -0.071719 9.226300 -0.073708 0.073856 0.994541 1.577100 0.000000 0.000000 0.000000 1.000000
0.997449 -0.029750 0.064888 -0.000000 0.034077 0.997196 -0.066621 9.226300 -0.062724 0.068662 0.995666 1.577100 0.000000 0.000000 0.000000 1.000000
0.997603 -0.034289 0.060108 -0.000000 0.038208 0.997133 -0.065313 9.226300 -0.057696 0.067453 0.996053 1.577100 0.000000 0.000000 0.000000 1.000000
0.997468 -0.038268 0.059939 0.000000 0.042269 0.996859 -0.066980 9.226300 -0.057188 0.069344 0.995952 1.577100 0.000000 0.000000 0.000000 1.000000
0.997399 -0.041068 0.059240 0.000000 0.045173 0.996545 -0.069700 9.226300 -0.056172 0.072195 0.995807 1.577100 0.000000 0.000000 0.000000 1.000000
0.997547 -0.042780 0.055406 0.000000 0.046713 0.996328 -0.071751 9.226300 -0.052133 0.074163 0.995883 1.577100 0.000000 0.000000 0.000000 1.000000
0.997793 -0.043752 0.049949 0.000000 0.047296 0.996275 -0.072111 9.226300 -0.046608 0.074315 0.996145 1.577100 0.000000 0.000000 0.000000 1.000000
0.997993 -0.044081 0.045467 0.000000 0.047215 0.996405 -0.070344 9.226300 -0.042202 0.072350 0.996486 1.577100 0.000000 0.000000 0.000000 1.000000
0.998124 -0.043802 0.042787 0.000000 0.046602 0.996677 -0.066802 9.226300 -0.039719 0.068671 0.996848 1.577100 0.000000 0.000000 0.000000 1.000000
0.998221 -0.043268 0.041020 0.000000 0.045797 0.996972 -0.062848 9.226300 -0.038177 0.064615 0.997180 1.577100 0.000000 0.000000 0.000000 1.000000
0.998311 -0.042998 0.039080 -0.000000 0.045302 0.997163 -0.060110 9.226300 -0.036384 0.061778 0.997426 1.577100 0.000000 0.000000 0.000000 1.000000
0.998403 -0.043123 0.036498 0.000000 0.045235 0.997223 -0.059160 9.226300 -0.033846 0.060717 0.997581 1.577100 0.000000 0.000000 0.000000 1.000000
0.998508 -0.043245 0.033340 0.000000 0.045165 0.997226 -0.059157 9.226300 -0.030690 0.060575 0.997692 1.577100 0.000000 0.000000 0.000000 1.000000
0.998630 -0.042904 0.029950 0.000000 0.044611 0.997269 -0.058867 9.226300 -0.027343 0.060123 0.997816 1.577100 0.000000 0.000000 0.000000 1.000000
0.998759 -0.042003 0.026747 0.000000 0.043489 0.997390 -0.057641 9.226300 -0.024256 0.058733 0.997979 1.577100 0.000000 0.000000 0.000000 1.000000</float_array><technique_common><accessor source="#arissa_Spine-Matrix-animation-output-transform-array" count="66" stride="16"><param type="float4x4"/></accessor></technique_common></source><source id="arissa_Spine-Interpolations"><Name_array id="arissa_Spine-Interpolations-array" count="66">
 LINEAR LINEAR LINEAR LINEAR LINEAR LINEAR LINEAR LINEAR LINEAR LINEAR LINEAR
LINEAR LINEAR LINEAR LINEAR LINEAR LINEAR LINEAR LINEAR LINEAR LINEAR LINEAR LINEAR
LINEAR LINEAR LINEAR LINEAR LINEAR LINEAR LINEAR LINEAR LINEAR LINEAR LINEAR LINEAR
LINEAR LINEAR LINEAR LINEAR LINEAR LINEAR LINEAR LINEAR LINEAR LINEAR LINEAR LINEAR
LINEAR LINEAR LINEAR LINEAR LINEAR LINEAR LINEAR LINEAR LINEAR LINEAR LINEAR LINEAR
LINEAR LINEAR LINEAR LINEAR LINEAR LINEAR LINEAR</Name_array><technique_common><accessor source="#arissa_Spine-Interpolations-array" count="66"><param type="name"/></accessor></technique_common></source><sampler id="arissa_Spine-Matrix-animation-transform"><input semantic="INPUT" source="#arissa_Spine-Matrix-animation-input"/><input semantic="OUTPUT" source="#arissa_Spine-Matrix-animation-output-transform"/><input semantic="INTERPOLATION" source="#arissa_Spine-Interpolations"/></sampler><channel source="#arissa_Spine-Matrix-animation-transform" target="arissa_Spine/matrix"/></animation>
    <animation id="arissa_Spine1-anim" name="arissa_Spine1"><source id="arissa_Spine1-Matrix-animation-input"><float_array id="arissa_Spine1-Matrix-animation-input-array" count="66">

0.000000 0.033333 0.066667 0.100000 0.133333 0.166667 0.200000 0.233333 0.266667 0.300000 0.333333 0.366667 0.400000 0.433333 0.466667 0.500000
0.533333 0.566667 0.600000 0.633333 0.666667 0.700000 0.733333 0.766667 0.800000 0.833333 0.866667 0.900000 0.933333 0.966667 1.000000 1.033333
1.066667 1.100000 1.133333 1.166667 1.200000 1.233333 1.266667 1.300000 1.333333 1.366667 1.400000 1.433333 1.466667 1.500000 1.533333 1.566667
1.600000 1.633333 1.666667 1.700000 1.733333 1.766667 1.800000 1.833333 1.866667 1.900000 1.933333 1.966667 2.000000 2.033333 2.066667 2.100000
2.133333 2.166667</float_array><technique_common><accessor source="#arissa_Spine1-Matrix-animation-input-array" count="66"><param name="TIME" type="float"/></accessor></technique_common></source><source id="arissa_Spine1-Matrix-animation-output-transform"><float_array id="arissa_Spine1-Matrix-animation-output-transform-array" count="1056">

0.999615 -0.027098 0.005925 0.000000 0.027212 0.999428 -0.020103 16.254000 -0.005376 0.020256 0.999780 -0.165600 0.000000 0.000000 0.000000 1.000000
0.999598 -0.027461 0.007061 0.000000 0.027601 0.999407 -0.020586 16.254000 -0.006492 0.020773 0.999763 -0.165600 0.000000 0.000000 0.000000 1.000000
0.999582 -0.027934 0.007456 -0.000000 0.028089 0.999373 -0.021538 16.254000 -0.006849 0.021738 0.999740 -0.165600 0.000000 0.000000 0.000000 1.000000
0.999570 -0.028487 0.006882 -0.000000 0.028638 0.999327 -0.022912 16.254000 -0.006225 0.023100 0.999714 -0.165600 0.000000 0.000000 0.000000 1.000000
0.999565 -0.029002 0.005438 0.000000 0.029127 0.999274 -0.024564 16.254000 -0.004722 0.024712 0.999683 -0.165600 0.000000 0.000000 0.000000 1.000000
0.999569 -0.029161 0.003523 0.000000 0.029244 0.999225 -0.026363 16.254000 -0.002752 0.026454 0.999646 -0.165600 0.000000 0.000000 0.000000 1.000000
0.999594 -0.028473 0.001426 0.000000 0.028502 0.999190 -0.028421 16.254000 -0.000615 0.028450 0.999595 -0.165600 0.000000 0.000000 0.000000 1.000000
0.999646 -0.026599 -0.001049 0.000000 0.026553 0.999160 -0.031203 16.254000 0.001878 0.031164 0.999513 -0.165600 0.000000 0.000000 0.000000 1.000000
0.999706 -0.023783 -0.004644 0.000000 0.023604 0.999095 -0.035379 16.254000 0.005481 0.035259 0.999363 -0.165600 0.000000 0.000000 0.000000 1.000000
0.999730 -0.020925 -0.010152 -0.000000 0.020488 0.998932 -0.041403 16.254000 0.011007 0.041183 0.999091 -0.165600 0.000000 0.000000 0.000000 1.000000
0.999670 -0.019058 -0.017212 -0.000000 0.018194 0.998632 -0.049027 16.254000 0.018123 0.048698 0.998649 -0.165600 0.000000 0.000000 0.000000 1.000000
0.999558 -0.018556 -0.023210 0.000000 0.017205 0.998219 -0.057124 16.254000 0.024229 0.056699 0.998097 -0.165600 0.000000 0.000000 0.000000 1.000000
0.999528 -0.018753 -0.024332 -0.000000 0.017160 0.997794 -0.064132 16.254000 0.025481 0.063684 0.997645 -0.165600 0.000000 0.000000 0.000000 1.000000
0.999641 -0.018518 -0.019356 0.000000 0.017141 0.997470 -0.068996 16.254000 0.020585 0.068640 0.997429 -0.165600 0.000000 0.000000 0.000000 1.000000
0.999775 -0.017467 -0.012023 0.000000 0.016561 0.997286 -0.071743 16.254000 0.013244 0.071527 0.997351 -0.165600 0.000000 0.000000 0.000000 1.000000
0.999833 -0.016614 -0.007584 -0.000000 0.016018 0.997215 -0.072835 16.254000 0.008773 0.072702 0.997315 -0.165600 0.000000 0.000000 0.000000 1.000000
0.999813 -0.017727 -0.007791 -0.000000 0.017120 0.997248 -0.072133 16.254000 0.009048 0.071986 0.997365 -0.165600 0.000000 0.000000 0.000000 1.000000
0.999697 -0.021880 -0.011258 0.000000 0.021050 0.997377 -0.069258 16.254000 0.012743 0.069000 0.997535 -0.165600 0.000000 0.000000 0.000000 1.000000
0.999492 -0.027879 -0.015448 0.000000 0.026823 0.997540 -0.064769 16.254000 0.017216 0.064322 0.997781 -0.165600 0.000000 0.000000 0.000000 1.000000
0.999354 -0.032305 -0.015750 -0.000000 0.031309 0.997717 -0.059840 16.254000 0.017647 0.059308 0.998084 -0.165600 0.000000 0.000000 0.000000 1.000000
0.999441 -0.032517 -0.007815 -0.000000 0.032040 0.997975 -0.054956 16.254000 0.009586 0.054675 0.998458 -0.165600 0.000000 0.000000 0.000000 1.000000
0.999562 -0.028981 0.005971 -0.000000 0.029242 0.998338 -0.049654 16.254000 -0.004522 0.049807 0.998749 -0.165600 0.000000 0.000000 0.000000 1.000000
0.999600 -0.023081 0.016338 0.000000 0.023772 0.998772 -0.043474 16.254000 -0.015315 0.043845 0.998921 -0.165600 0.000000 0.000000 0.000000 1.000000
0.999772 -0.014483 0.015696 0.000000 0.015059 0.999193 -0.037224 16.254000 -0.015144 0.037451 0.999184 -0.165600 0.000000 0.000000 0.000000 1.000000
0.999980 -0.003257 0.005486 0.000000 0.003439 0.999432 -0.033514 16.254000 -0.005374 0.033532 0.999423 -0.165600 0.000000 0.000000 0.000000 1.000000
0.999959 0.007327 -0.005246 0.000000 -0.007509 0.999337 -0.035635 16.254000 0.004982 0.035673 0.999351 -0.165600 0.000000 0.000000 0.000000 1.000000
0.999875 0.013464 -0.008263 0.000000 -0.013823 0.998887 -0.045095 16.254000 0.007647 0.045203 0.998949 -0.165600 0.000000 0.000000 0.000000 1.000000
0.999882 0.015002 -0.003442 -0.000000 -0.015181 0.998096 -0.059775 16.254000 0.002539 0.059821 0.998206 -0.165600 0.000000 0.000000 0.000000 1.000000
0.999894 0.014303 0.002767 -0.000000 -0.014056 0.997107 -0.074703 16.254000 -0.003828 0.074656 0.997202 -0.165600 0.000000 0.000000 0.000000 1.000000
0.999903 0.012641 0.005826 -0.000000 -0.012099 0.996291 -0.085187 16.254000 -0.006881 0.085109 0.996348 -0.165600 0.000000 0.000000 0.000000 1.000000
0.999927 0.009354 0.007666 0.000000 -0.008631 0.995953 -0.089462 16.254000 -0.008472 0.089389 0.995961 -0.165600 0.000000 0.000000 0.000000 1.000000
0.999915 0.003467 0.012539 0.000000 -0.002339 0.996036 -0.088921 16.254000 -0.012797 0.088884 0.995960 -0.165600 0.000000 0.000000 0.000000 1.000000
0.999765 -0.004756 0.021133 -0.000000 0.006564 0.996245 -0.086335 16.254000 -0.020643 0.086453 0.996042 -0.165600 0.000000 0.000000 0.000000 1.000000
0.999445 -0.013884 0.030269 0.000000 0.016362 0.996398 -0.083209 16.254000 -0.029004 0.083658 0.996072 -0.165600 0.000000 0.000000 0.000000 1.000000
0.999066 -0.022393 0.036955 0.000000 0.025240 0.996597 -0.078469 16.254000 -0.035072 0.079329 0.996231 -0.165600 0.000000 0.000000 0.000000 1.000000
0.998730 -0.029109 0.041128 0.000000 0.031950 0.997021 -0.070197 16.254000 -0.038962 0.071422 0.996685 -0.165600 0.000000 0.000000 0.000000 1.000000
0.998461 -0.032928 0.044629 0.000000 0.035533 0.997631 -0.058899 16.254000 -0.042584 0.060394 0.997266 -0.165600 0.000000 0.000000 0.000000 1.000000
0.998281 -0.032983 0.048453 0.000000 0.035330 0.998202 -0.048414 16.254000 -0.046769 0.050043 0.997651 -0.165600 0.000000 0.000000 0.000000 1.000000
0.998252 -0.029596 0.051159 -0.000000 0.031803 0.998574 -0.042880 16.254000 -0.049817 0.044432 0.997770 -0.165600 0.000000 0.000000 0.000000 1.000000
0.998425 -0.024786 0.050335 0.000000 0.026965 0.998707 -0.043088 16.254000 -0.049202 0.044377 0.997802 -0.165600 0.000000 0.000000 0.000000 1.000000
0.998708 -0.021026 0.046267 0.000000 0.023167 0.998662 -0.046225 16.254000 -0.045234 0.047237 0.997859 -0.165600 0.000000 0.000000 0.000000 1.000000
0.998900 -0.018993 0.042874 0.000000 0.021083 0.998585 -0.048816 16.254000 -0.041886 0.049666 0.997887 -0.165600 0.000000 0.000000 0.000000 1.000000
0.998921 -0.017391 0.043064 0.000000 0.019522 0.998579 -0.049579 16.254000 -0.042140 0.050366 0.997841 -0.165600 0.000000 0.000000 0.000000 1.000000
0.998897 -0.015647 0.044268 0.000000 0.017829 0.998623 -0.049332 16.254000 -0.043436 0.050067 0.997801 -0.165600 0.000000 0.000000 0.000000 1.000000
0.999044 -0.015292 0.040960 0.000000 0.017283 0.998664 -0.048704 16.254000 -0.040160 0.049365 0.997973 -0.165600 0.000000 0.000000 0.000000 1.000000
0.999346 -0.017484 0.031641 0.000000 0.018964 0.998710 -0.047095 16.254000 -0.030777 0.047665 0.998389 -0.165600 0.000000 0.000000 0.000000 1.000000
0.999554 -0.020854 0.021376 0.000000 0.021776 0.998799 -0.043881 16.254000 -0.020435 0.044327 0.998808 -0.165600 0.000000 0.000000 0.000000 1.000000
0.999600 -0.023113 0.016321 0.000000 0.023742 0.998938 -0.039488 16.254000 -0.015391 0.039859 0.999087 -0.165600 0.000000 0.000000 0.000000 1.000000
0.999573 -0.023600 0.017227 0.000000 0.024191 0.999097 -0.034933 16.254000 -0.016387 0.035335 0.999241 -0.165600 0.000000 0.000000 0.000000 1.000000
0.999535 -0.023274 0.019712 0.000000 0.023876 0.999238 -0.030874 16.254000 -0.018978 0.031330 0.999329 -0.165600 0.000000 0.000000 0.000000 1.000000
0.999538 -0.023142 0.019691 -0.000000 0.023677 0.999344 -0.027412 16.254000 -0.019044 0.027865 0.999430 -0.165600 0.000000 0.000000 0.000000 1.000000
0.999578 -0.023546 0.016997 0.000000 0.023961 0.999410 -0.024593 16.254000 -0.016408 0.024990 0.999553 -0.165600 0.000000 0.000000 0.000000 1.000000
0.999601 -0.024446 0.014176 -0.000000 0.024764 0.999435 -0.022724 16.254000 -0.013613 0.023066 0.999641 -0.165600 0.000000 0.000000 0.000000 1.000000
0.999586 -0.025606 0.013155 0.000000 0.025892 0.999422 -0.022050 16.254000 -0.012582 0.022381 0.999670 -0.165600 0.000000 0.000000 0.000000 1.000000
0.999553 -0.026658 0.013564 0.000000 0.026957 0.999387 -0.022352 16.254000 -0.012959 0.022708 0.999658 -0.165600 0.000000 0.000000 0.000000 1.000000
0.999530 -0.027349 0.013824 -0.000000 0.027663 0.999351 -0.023065 16.254000 -0.013184 0.023436 0.999638 -0.165600 0.000000 0.000000 0.000000 1.000000
0.999530 -0.027720 0.013093 0.000000 0.028025 0.999327 -0.023663 16.254000 -0.012428 0.024019 0.999634 -0.165600 0.000000 0.000000 0.000000 1.000000
0.999540 -0.027913 0.011831 0.000000 0.028189 0.999319 -0.023828 16.254000 -0.011158 0.024150 0.999646 -0.165600 0.000000 0.000000 0.000000 1.000000
0.999551 -0.027939 0.010866 0.000000 0.028188 0.999329 -0.023409 16.254000 -0.010204 0.023705 0.999667 -0.165600 0.000000 0.000000 0.000000 1.000000
0.999560 -0.027773 0.010444 0.000000 0.028002 0.999355 -0.022493 16.254000 -0.009813 0.022776 0.999692 -0.165600 0.000000 0.000000 0.000000 1.000000
0.999568 -0.027537 0.010244 0.000000 0.027752 0.999384 -0.021467 16.254000 -0.009646 0.021742 0.999717 -0.165600 0.000000 0.000000 0.000000 1.000000
0.999575 -0.027431 0.009877 0.000000 0.027632 0.999402 -0.020790 16.254000 -0.009301 0.021054 0.999735 -0.165600 0.000000 0.000000 0.000000 1.000000
0.999580 -0.027491 0.009178 0.000000 0.027676 0.999405 -0.020600 16.254000 -0.008607 0.020846 0.999746 -0.165600 0.000000 0.000000 0.000000 1.000000
0.999587 -0.027545 0.008183 -0.000000 0.027709 0.999403 -0.020626 16.254000 -0.007610 0.020844 0.999754 -0.165600 0.000000 0.000000 0.000000 1.000000
0.999599 -0.027423 0.007039 -0.000000 0.027562 0.999410 -0.020514 16.254000 -0.006472 0.020699 0.999765 -0.165600 0.000000 0.000000 0.000000 1.000000
0.999615 -0.027098 0.005925 0.000000 0.027212 0.999428 -0.020103 16.254000 -0.005376 0.020256 0.999780 -0.165600 0.000000 0.000000 0.000000 1.000000</float_array><technique_common><accessor source="#arissa_Spine1-Matrix-animation-output-transform-array" count="66" stride="16"><param type="float4x4"/></accessor></technique_common></source><source id="arissa_Spine1-Interpolations"><Name_array id="arissa_Spine1-Interpolations-array" count="66">
 LINEAR LINEAR LINEAR LINEAR LINEAR LINEAR LINEAR LINEAR LINEAR LINEAR LINEAR
LINEAR LINEAR LINEAR LINEAR LINEAR LINEAR LINEAR LINEAR LINEAR LINEAR LINEAR LINEAR
LINEAR LINEAR LINEAR LINEAR LINEAR LINEAR LINEAR LINEAR LINEAR LINEAR LINEAR LINEAR
LINEAR LINEAR LINEAR LINEAR LINEAR LINEAR LINEAR LINEAR LINEAR LINEAR LINEAR LINEAR
LINEAR LINEAR LINEAR LINEAR LINEAR LINEAR LINEAR LINEAR LINEAR LINEAR LINEAR LINEAR
LINEAR LINEAR LINEAR LINEAR LINEAR LINEAR LINEAR</Name_array><technique_common><accessor source="#arissa_Spine1-Interpolations-array" count="66"><param type="name"/></accessor></technique_common></source><sampler id="arissa_Spine1-Matrix-animation-transform"><input semantic="INPUT" source="#arissa_Spine1-Matrix-animation-input"/><input semantic="OUTPUT" source="#arissa_Spine1-Matrix-animation-output-transform"/><input semantic="INTERPOLATION" source="#arissa_Spine1-Interpolations"/></sampler><channel source="#arissa_Spine1-Matrix-animation-transform" target="arissa_Spine1/matrix"/></animation>
    <animation id="arissa_Spine2-anim" name="arissa_Spine2"><source id="arissa_Spine2-Matrix-animation-input"><float_array id="arissa_Spine2-Matrix-animation-input-array" count="66">

0.000000 0.033333 0.066667 0.100000 0.133333 0.166667 0.200000 0.233333 0.266667 0.300000 0.333333 0.366667 0.400000 0.433333 0.466667 0.500000
0.533333 0.566667 0.600000 0.633333 0.666667 0.700000 0.733333 0.766667 0.800000 0.833333 0.866667 0.900000 0.933333 0.966667 1.000000 1.033333
1.066667 1.100000 1.133333 1.166667 1.200000 1.233333 1.266667 1.300000 1.333333 1.366667 1.400000 1.433333 1.466667 1.500000 1.533333 1.566667
1.600000 1.633333 1.666667 1.700000 1.733333 1.766667 1.800000 1.833333 1.866667 1.900000 1.933333 1.966667 2.000000 2.033333 2.066667 2.100000
2.133333 2.166667</float_array><technique_common><accessor source="#arissa_Spine2-Matrix-animation-input-array" count="66"><param name="TIME" type="float"/></accessor></technique_common></source><source id="arissa_Spine2-Matrix-animation-output-transform"><float_array id="arissa_Spine2-Matrix-animation-output-transform-array" count="1056">

0.999611 -0.027151 0.006310 -0.000000 0.027271 0.999435 -0.019651 13.639600 -0.005773 0.019815 0.999787 -1.292300 0.000000 0.000000 0.000000 1.000000
0.999594 -0.027517 0.007446 0.000000 0.027662 0.999415 -0.020132 13.639600 -0.006888 0.020330 0.999770 -1.292300 0.000000 0.000000 0.000000 1.000000
0.999577 -0.027997 0.007840 0.000000 0.028157 0.999381 -0.021082 13.639600 -0.007245 0.021294 0.999747 -1.292300 0.000000 0.000000 0.000000 1.000000
0.999566 -0.028564 0.007265 0.000000 0.028721 0.999335 -0.022456 13.639600 -0.006619 0.022655 0.999721 -1.292300 0.000000 0.000000 0.000000 1.000000
0.999560 -0.029102 0.005815 0.000000 0.029234 0.999282 -0.024107 13.639600 -0.005109 0.024267 0.999692 -1.292300 0.000000 0.000000 0.000000 1.000000
0.999563 -0.029295 0.003887 0.000000 0.029386 0.999232 -0.025904 13.639600 -0.003125 0.026007 0.999657 -1.292300 0.000000 0.000000 0.000000 1.000000
0.999588 -0.028649 0.001776 0.000000 0.028687 0.999197 -0.027959 13.639600 -0.000974 0.027998 0.999607 -1.292300 0.000000 0.000000 0.000000 1.000000
0.999640 -0.026820 -0.000705 0.000000 0.026786 0.999168 -0.030743 13.639600 0.001529 0.030713 0.999527 -1.292300 0.000000 0.000000 0.000000 1.000000
0.999701 -0.024054 -0.004302 0.000000 0.023889 0.999104 -0.034930 13.639600 0.005138 0.034817 0.999380 -1.292300 0.000000 0.000000 0.000000 1.000000
0.999726 -0.021248 -0.009825 0.000000 0.020829 0.998943 -0.040968 13.639600 0.010686 0.040752 0.999112 -1.292300 0.000000 0.000000 0.000000 1.000000
0.999668 -0.019402 -0.016954 0.000000 0.018558 0.998647 -0.048581 13.639600 0.017873 0.048250 0.998675 -1.292300 0.000000 0.000000 0.000000 1.000000
0.999557 -0.018777 -0.023106 0.000000 0.017443 0.998243 -0.056622 13.639600 0.024129 0.056194 0.998128 -1.292300 0.000000 0.000000 0.000000 1.000000
