<?xml version="1.0" encoding="utf-8"?>
<COLLADA xmlns="http://www.collada.org/2005/11/COLLADASchema" version="1.4.1">
  <asset><contributor><author>Mixamo</author><authoring_tool>COLLADA Mixamo exporter</authoring_tool><comments></comments></contributor><created>2017-03-27T02:02:34Z</created><modified>2017-03-27T02:02:34Z</modified><revision></revision><title></title><unit meter="0.010000"/><up_axis>Y_UP</up_axis></asset>
  <library_animations>
    <animation id="arissa_Hips-anim" name="arissa_Hips"><source id="arissa_Hips-Matrix-animation-input"><float_array id="arissa_Hips-Matrix-animation-input-array" count="29">

0.000000 0.033333 0.066667 0.100000 0.133333 0.166667 0.200000 0.233333 0.266667 0.300000 0.333333 0.366667 0.400000 0.433333 0.466667 0.500000
0.533333 0.566667 0.600000 0.633333 0.666667 0.700000 0.733333 0.766667 0.800000 0.833333 0.866667 0.900000 0.933333</float_array><technique_common><accessor source="#arissa_Hips-Matrix-animation-input-array" count="29"><param name="TIME" type="float"/></accessor></technique_common></source><source id="arissa_Hips-Matrix-animation-output-transform"><float_array id="arissa_Hips-Matrix-animation-output-transform-array" count="464">

0.991497 0.075508 -0.105978 0.133158 -0.068860 0.995503 0.065050 95.071648 0.110413 -0.057199 0.992238 0.058978 0.000000 0.000000 0.000000 1.000000
0.996943 0.066043 -0.041758 -0.033668 -0.063863 0.996627 0.051539 95.010155 0.045021 -0.048715 0.997798 -0.681719 0.000000 0.000000 0.000000 1.000000
0.998040 0.056738 0.026402 -0.389933 -0.057811 0.997451 0.041822 94.988586 -0.023962 -0.043267 0.998776 -1.469143 0.000000 0.000000 0.000000 1.000000
0.994350 0.049468 0.093924 -0.898834 -0.053022 0.997954 0.035727 95.007858 -0.091965 -0.040506 0.994938 -2.367219 0.000000 0.000000 0.000000 1.000000
0.987058 0.040222 0.155238 -1.570892 -0.045829 0.998414 0.032711 95.217491 -0.153677 -0.039402 0.987335 -3.328587 0.000000 0.000000 0.000000 1.000000
0.977502 0.030040 0.208777 -2.330286 -0.037543 0.998780 0.032066 95.474808 -0.207559 -0.039183 0.977437 -4.275922 0.000000 0.000000 0.000000 1.000000
0.966799 0.024346 0.254376 -3.062248 -0.033828 0.998884 0.032968 95.578972 -0.253289 -0.040478 0.966543 -5.158864 0.000000 0.000000 0.000000 1.000000
0.955315 0.021081 0.294838 -3.728189 -0.032507 0.998896 0.033909 95.583984 -0.293798 -0.041978 0.954945 -5.996313 0.000000 0.000000 0.000000 1.000000
0.941901 0.015788 0.335520 -4.315543 -0.029173 0.998965 0.034891 95.621933 -0.334622 -0.042652 0.941387 -6.802706 0.000000 0.000000 0.000000 1.000000
0.926205 0.011521 0.376845 -4.752980 -0.027935 0.998883 0.038118 95.601921 -0.375985 -0.045833 0.925492 -7.549625 0.000000 0.000000 0.000000 1.000000
0.910141 0.010288 0.414170 -4.966518 -0.031310 0.998541 0.044000 95.499161 -0.413113 -0.053014 0.909135 -8.243127 0.000000 0.000000 0.000000 1.000000
0.895264 0.011422 0.445389 -4.890765 -0.038139 0.997967 0.051069 95.338402 -0.443900 -0.062707 0.893880 -8.952217 0.000000 0.000000 0.000000 1.000000
0.880506 0.012535 0.473870 -4.614799 -0.045112 0.997329 0.057443 95.130829 -0.471884 -0.071956 0.878719 -9.701502 0.000000 0.000000 0.000000 1.000000
0.862705 0.004776 0.505686 -4.432627 -0.042167 0.997153 0.062520 94.934296 -0.503947 -0.075259 0.860449 -10.381465 0.000000 0.000000 0.000000 1.000000
0.839197 -0.006244 0.543792 -4.410499 -0.037232 0.996928 0.068906 94.784210 -0.542552 -0.078072 0.836387 -10.885945 0.000000 0.000000 0.000000 1.000000
0.808171 -0.013241 0.588799 -4.434653 -0.039481 0.996280 0.076594 94.730202 -0.587623 -0.085147 0.804642 -11.204895 0.000000 0.000000 0.000000 1.000000
0.766919 -0.016550 0.641530 -4.499404 -0.047208 0.995504 0.082116 94.824532 -0.640005 -0.093261 0.762690 -11.124750 0.000000 0.000000 0.000000 1.000000
0.716963 -0.021471 0.696780 -4.564432 -0.053185 0.994928 0.085383 94.964645 -0.695079 -0.098275 0.712185 -10.549057 0.000000 0.000000 0.000000 1.000000
0.661849 -0.027672 0.749126 -4.511758 -0.057808 0.994459 0.087807 95.119453 -0.747405 -0.101420 0.656582 -9.678013 0.000000 0.000000 0.000000 1.000000
0.599053 -0.030907 0.800113 -4.359625 -0.063911 0.994221 0.086256 95.316254 -0.798155 -0.102808 0.593615 -8.693624 0.000000 0.000000 0.000000 1.000000
0.525104 -0.033344 0.850384 -4.115504 -0.068288 0.994359 0.081157 95.478195 -0.848294 -0.100686 0.519866 -7.749074 0.000000 0.000000 0.000000 1.000000
0.416828 -0.041010 0.908060 -3.241751 -0.072977 0.994247 0.078401 95.461807 -0.906051 -0.098947 0.411437 -5.992406 0.000000 0.000000 0.000000 1.000000
0.328430 -0.047941 0.943311 -2.325778 -0.072571 0.994478 0.075808 95.234367 -0.941736 -0.093354 0.323137 -4.494262 0.000000 0.000000 0.000000 1.000000
0.260119 -0.051037 0.964227 -1.463189 -0.072792 0.994724 0.072288 95.182526 -0.962829 -0.088991 0.255032 -3.077935 0.000000 0.000000 0.000000 1.000000
0.202967 -0.052854 0.977758 -0.799153 -0.072038 0.995030 0.068742 95.174103 -0.976532 -0.084388 0.198151 -1.939197 0.000000 0.000000 0.000000 1.000000
0.156800 -0.054457 0.986128 -0.353703 -0.070060 0.995350 0.066106 95.138969 -0.985142 -0.079453 0.152256 -1.113086 0.000000 0.000000 0.000000 1.000000
0.124737 -0.055781 0.990621 -0.083301 -0.069156 0.995501 0.064764 95.102570 -0.989777 -0.076586 0.120318 -0.538850 0.000000 0.000000 0.000000 1.000000
0.115707 -0.056722 0.991663 0.036134 -0.069025 0.995495 0.064995 95.079445 -0.990882 -0.075970 0.111270 -0.193933 0.000000 0.000000 0.000000 1.000000
0.110420 -0.057331 0.992230 0.058997 -0.068850 0.995495 0.065182 95.071571 -0.991497 -0.075512 0.105976 -0.133118 0.000000 0.000000 0.000000 1.000000</float_array><technique_common><accessor source="#arissa_Hips-Matrix-animation-output-transform-array" count="29" stride="16"><param type="float4x4"/></accessor></technique_common></source><source id="arissa_Hips-Interpolations"><Name_array id="arissa_Hips-Interpolations-array" count="29">
 LINEAR LINEAR LINEAR LINEAR LINEAR LINEAR LINEAR LINEAR LINEAR LINEAR LINEAR
LINEAR LINEAR LINEAR LINEAR LINEAR LINEAR LINEAR LINEAR LINEAR LINEAR LINEAR LINEAR
LINEAR LINEAR LINEAR LINEAR LINEAR LINEAR</Name_array><technique_common><accessor source="#arissa_Hips-Interpolations-array" count="29"><param type="name"/></accessor></technique_common></source><sampler id="arissa_Hips-Matrix-animation-transform"><input semantic="INPUT" source="#arissa_Hips-Matrix-animation-input"/><input semantic="OUTPUT" source="#arissa_Hips-Matrix-animation-output-transform"/><input semantic="INTERPOLATION" source="#arissa_Hips-Interpolations"/></sampler><channel source="#arissa_Hips-Matrix-animation-transform" target="arissa_Hips/matrix"/></animation>
    <animation id="arissa_Spine-anim" name="arissa_Spine"><source id="arissa_Spine-Matrix-animation-input"><float_array id="arissa_Spine-Matrix-animation-input-array" count="29">

0.000000 0.033333 0.066667 0.100000 0.133333 0.166667 0.200000 0.233333 0.266667 0.300000 0.333333 0.366667 0.400000 0.433333 0.466667 0.500000
0.533333 0.566667 0.600000 0.633333 0.666667 0.700000 0.733333 0.766667 0.800000 0.833333 0.866667 0.900000 0.933333</float_array><technique_common><accessor source="#arissa_Spine-Matrix-animation-input-array" count="29"><param name="TIME" type="float"/></accessor></technique_common></source><source id="arissa_Spine-Matrix-animation-output-transform"><float_array id="arissa_Spine-Matrix-animation-output-transform-array" count="464">

0.997755 -0.060998 0.027639 -0.000000 0.062502 0.996399 -0.057291 9.226300 -0.024045 0.058890 0.997975 1.577100 0.000000 0.000000 0.000000 1.000000
0.997554 -0.062200 0.031895 -0.000000 0.063992 0.996226 -0.058641 9.226300 -0.028127 0.060538 0.997770 1.577100 0.000000 0.000000 0.000000 1.000000
0.997451 -0.062058 0.035212 0.000000 0.064115 0.996097 -0.060670 9.226300 -0.031309 0.062773 0.997537 1.577100 0.000000 0.000000 0.000000 1.000000
0.997576 -0.058323 0.037954 -0.000000 0.060654 0.996139 -0.063461 9.226300 -0.034107 0.065610 0.997262 1.577100 0.000000 0.000000 0.000000 1.000000
0.997926 -0.049847 0.040729 -0.000000 0.052487 0.996402 -0.066544 9.226300 -0.037266 0.068544 0.996952 1.577100 0.000000 0.000000 0.000000 1.000000
0.998270 -0.038868 0.044125 0.000000 0.041853 0.996747 -0.068871 9.226300 -0.041304 0.070599 0.996649 1.577100 0.000000 0.000000 0.000000 1.000000
0.998440 -0.028691 0.047892 0.000000 0.031987 0.997066 -0.069539 9.226300 -0.045757 0.070963 0.996429 1.577100 0.000000 0.000000 0.000000 1.000000
0.998500 -0.020198 0.050887 0.000000 0.023671 0.997363 -0.068602 9.226300 -0.049368 0.069703 0.996345 1.577100 0.000000 0.000000 0.000000 1.000000
0.998533 -0.012712 0.052637 -0.000000 0.016232 0.997622 -0.066986 9.226300 -0.051661 0.067742 0.996365 1.577100 0.000000 0.000000 0.000000 1.000000
0.998473 -0.008016 0.054655 0.000000 0.011588 0.997794 -0.065361 9.226300 -0.054011 0.065894 0.996364 1.577100 0.000000 0.000000 0.000000 1.000000
0.998222 -0.009984 0.058762 0.000000 0.013710 0.997898 -0.063344 9.226300 -0.058006 0.064037 0.996260 1.577100 0.000000 0.000000 0.000000 1.000000
0.997754 -0.018828 0.064289 -0.000000 0.022724 0.997914 -0.060422 9.226300 -0.063017 0.061747 0.996100 1.577100 0.000000 0.000000 0.000000 1.000000
0.997263 -0.028825 0.068092 0.000000 0.032759 0.997815 -0.057375 9.226300 -0.066290 0.059449 0.996028 1.577100 0.000000 0.000000 0.000000 1.000000
0.997166 -0.032986 0.067615 0.000000 0.036799 0.997755 -0.055945 9.226300 -0.065618 0.058275 0.996142 1.577100 0.000000 0.000000 0.000000 1.000000
0.997471 -0.032826 0.063040 -0.000000 0.036416 0.997729 -0.056664 9.226300 -0.061037 0.058817 0.996401 1.577100 0.000000 0.000000 0.000000 1.000000
0.997791 -0.034897 0.056521 -0.000000 0.038176 0.997586 -0.058015 9.226300 -0.054360 0.060044 0.996714 1.577100 0.000000 0.000000 0.000000 1.000000
0.997940 -0.039717 0.050379 0.000000 0.042668 0.997350 -0.058925 9.226300 -0.047905 0.060953 0.996990 1.577100 0.000000 0.000000 0.000000 1.000000
0.997993 -0.043344 0.046158 0.000000 0.046099 0.997110 -0.060384 9.226300 -0.043408 0.062390 0.997107 1.577100 0.000000 0.000000 0.000000 1.000000
0.998093 -0.043581 0.043713 0.000000 0.046328 0.996878 -0.063942 9.226300 -0.040790 0.065845 0.996996 1.577100 0.000000 0.000000 0.000000 1.000000
0.998305 -0.041276 0.041028 0.000000 0.044041 0.996647 -0.068957 9.226300 -0.038045 0.070647 0.996776 1.577100 0.000000 0.000000 0.000000 1.000000
0.998700 -0.036103 0.035976 -0.000000 0.038643 0.996613 -0.072589 9.226300 -0.033233 0.073885 0.996713 1.577100 0.000000 0.000000 0.000000 1.000000
0.999196 -0.027918 0.028784 -0.000000 0.029952 0.996894 -0.072837 9.226300 -0.026661 0.073641 0.996928 1.577100 0.000000 0.000000 0.000000 1.000000
0.999564 -0.019873 0.021820 -0.000000 0.021367 0.997280 -0.070541 9.226300 -0.020359 0.070976 0.997270 1.577100 0.000000 0.000000 0.000000 1.000000
0.999727 -0.015884 0.017152 0.000000 0.017008 0.997571 -0.067546 9.226300 -0.016037 0.067819 0.997569 1.577100 0.000000 0.000000 0.000000 1.000000
0.999683 -0.019839 0.015526 0.000000 0.020804 0.997686 -0.064731 9.226300 -0.014206 0.065034 0.997782 1.577100 0.000000 0.000000 0.000000 1.000000
0.999404 -0.030036 0.016995 0.000000 0.031040 0.997579 -0.062233 9.226300 -0.015085 0.062723 0.997917 1.577100 0.000000 0.000000 0.000000 1.000000
0.998873 -0.042685 0.020768 0.000000 0.043863 0.997232 -0.060032 9.226300 -0.018148 0.060875 0.997980 1.577100 0.000000 0.000000 0.000000 1.000000
0.998229 -0.053999 0.024967 0.000000 0.055377 0.996763 -0.058278 9.226300 -0.021739 0.059558 0.997988 1.577100 0.000000 0.000000 0.000000 1.000000
0.997755 -0.060996 0.027639 -0.000000 0.062501 0.996399 -0.057291 9.226300 -0.024045 0.058890 0.997975 1.577100 0.000000 0.000000 0.000000 1.000000</float_array><technique_common><accessor source="#arissa_Spine-Matrix-animation-output-transform-array" count="29" stride="16"><param type="float4x4"/></accessor></technique_common></source><source id="arissa_Spine-Interpolations"><Name_array id="arissa_Spine-Interpolations-array" count="29">
 LINEAR LINEAR LINEAR LINEAR LINEAR LINEAR LINEAR LINEAR LINEAR LINEAR LINEAR
LINEAR LINEAR LINEAR LINEAR LINEAR LINEAR LINEAR LINEAR LINEAR LINEAR LINEAR LINEAR
LINEAR LINEAR LINEAR LINEAR LINEAR LINEAR</Name_array><technique_common><accessor source="#arissa_Spine-Interpolations-array" count="29"><param type="name"/></accessor></technique_common></source><sampler id="arissa_Spine-Matrix-animation-transform"><input semantic="INPUT" source="#arissa_Spine-Matrix-animation-input"/><input semantic="OUTPUT" source="#arissa_Spine-Matrix-animation-output-transform"/><input semantic="INTERPOLATION" source="#arissa_Spine-Interpolations"/></sampler><channel source="#arissa_Spine-Matrix-animation-transform" target="arissa_Spine/matrix"/></animation>
    <animation id="arissa_Spine1-anim" name="arissa_Spine1"><source id="arissa_Spine1-Matrix-animation-input"><float_array id="arissa_Spine1-Matrix-animation-input-array" count="29">

0.000000 0.033333 0.066667 0.100000 0.133333 0.166667 0.200000 0.233333 0.266667 0.300000 0.333333 0.366667 0.400000 0.433333 0.466667 0.500000
0.533333 0.566667 0.600000 0.633333 0.666667 0.700000 0.733333 0.766667 0.800000 0.833333 0.866667 0.900000 0.933333</float_array><technique_common><accessor source="#arissa_Spine1-Matrix-animation-input-array" count="29"><param name="TIME" type="float"/></accessor></technique_common></source><source id="arissa_Spine1-Matrix-animation-output-transform"><float_array id="arissa_Spine1-Matrix-animation-output-transform-array" count="464">

0.999545 -0.029509 0.006247 -0.000000 0.029630 0.999357 -0.020210 16.254000 -0.005647 0.020386 0.999776 -0.165600 0.000000 0.000000 0.000000 1.000000
0.999520 -0.029662 0.008897 0.000000 0.029850 0.999317 -0.021787 16.254000 -0.008245 0.022042 0.999723 -0.165600 0.000000 0.000000 0.000000 1.000000
0.999441 -0.031550 0.011053 0.000000 0.031806 0.999212 -0.023750 16.254000 -0.010295 0.024088 0.999657 -0.165600 0.000000 0.000000 0.000000 1.000000
0.999297 -0.035023 0.013412 0.000000 0.035366 0.999028 -0.026317 16.254000 -0.012477 0.026772 0.999564 -0.165600 0.000000 0.000000 0.000000 1.000000
0.999083 -0.039473 0.016610 -0.000000 0.039946 0.998777 -0.029150 16.254000 -0.015439 0.029787 0.999437 -0.165600 0.000000 0.000000 0.000000 1.000000
0.998797 -0.044439 0.020726 -0.000000 0.045075 0.998492 -0.031324 16.254000 -0.019303 0.032220 0.999294 -0.165600 0.000000 0.000000 0.000000 1.000000
0.998436 -0.049989 0.025021 -0.000000 0.050779 0.998197 -0.032004 16.254000 -0.023376 0.033225 0.999174 -0.165600 0.000000 0.000000 0.000000 1.000000
0.998015 -0.056228 0.028356 -0.000000 0.057108 0.997879 -0.031243 16.254000 -0.026539 0.032800 0.999110 -0.165600 0.000000 0.000000 0.000000 1.000000
0.997546 -0.063046 0.030458 0.000000 0.063956 0.997505 -0.029885 16.254000 -0.028497 0.031760 0.999089 -0.165600 0.000000 0.000000 0.000000 1.000000
0.996988 -0.070326 0.032706 0.000000 0.071266 0.997050 -0.028501 16.254000 -0.030606 0.030746 0.999059 -0.165600 0.000000 0.000000 0.000000 1.000000
0.996311 -0.077561 0.036717 0.000000 0.078561 0.996554 -0.026603 16.254000 -0.034527 0.029390 0.998972 -0.165600 0.000000 0.000000 0.000000 1.000000
0.995642 -0.083237 0.042058 -0.000000 0.084273 0.996166 -0.023494 16.254000 -0.039941 0.026936 0.998839 -0.165600 0.000000 0.000000 0.000000 1.000000
0.995238 -0.085820 0.046214 0.000000 0.086807 0.996029 -0.019774 16.254000 -0.044333 0.023692 0.998736 -0.165600 0.000000 0.000000 0.000000 1.000000
0.995179 -0.086060 0.047029 0.000000 0.086948 0.996065 -0.017181 16.254000 -0.045365 0.021187 0.998746 -0.165600 0.000000 0.000000 0.000000 1.000000
0.995231 -0.086843 0.044419 0.000000 0.087655 0.996011 -0.016663 16.254000 -0.042795 0.020477 0.998874 -0.165600 0.000000 0.000000 0.000000 1.000000
0.995250 -0.088901 0.039671 0.000000 0.089638 0.995825 -0.017221 16.254000 -0.037974 0.020695 0.999064 -0.165600 0.000000 0.000000 0.000000 1.000000
0.995332 -0.090032 0.034762 -0.000000 0.090680 0.995726 -0.017529 16.254000 -0.033035 0.020600 0.999242 -0.165600 0.000000 0.000000 0.000000 1.000000
0.995598 -0.087976 0.032322 0.000000 0.088591 0.995903 -0.018115 16.254000 -0.030595 0.020899 0.999313 -0.165600 0.000000 0.000000 0.000000 1.000000
0.995959 -0.083337 0.033477 0.000000 0.084049 0.996251 -0.020473 16.254000 -0.031645 0.023204 0.999230 -0.165600 0.000000 0.000000 0.000000 1.000000
0.996357 -0.077945 0.034591 -0.000000 0.078800 0.996600 -0.024064 16.254000 -0.032597 0.026702 0.999112 -0.165600 0.000000 0.000000 0.000000 1.000000
0.996970 -0.071868 0.029755 0.000000 0.072650 0.997017 -0.026078 16.254000 -0.027792 0.028160 0.999217 -0.165600 0.000000 0.000000 0.000000 1.000000
0.997760 -0.064157 0.018943 0.000000 0.064623 0.997595 -0.025082 16.254000 -0.017288 0.026250 0.999506 -0.165600 0.000000 0.000000 0.000000 1.000000
0.998416 -0.055569 0.008828 0.000000 0.055759 0.998180 -0.022975 16.254000 -0.007535 0.023431 0.999697 -0.165600 0.000000 0.000000 0.000000 1.000000
0.998832 -0.048190 0.003464 0.000000 0.048254 0.998595 -0.021889 16.254000 -0.002405 0.022031 0.999754 -0.165600 0.000000 0.000000 0.000000 1.000000
0.999074 -0.043000 0.001450 0.000000 0.043022 0.998837 -0.021780 16.254000 -0.000512 0.021822 0.999762 -0.165600 0.000000 0.000000 0.000000 1.000000
0.999234 -0.039124 0.001145 -0.000000 0.039139 0.998999 -0.021640 16.254000 -0.000297 0.021669 0.999765 -0.165600 0.000000 0.000000 0.000000 1.000000
0.999373 -0.035335 0.002356 0.000000 0.035377 0.999152 -0.021077 16.254000 -0.001609 0.021147 0.999775 -0.165600 0.000000 0.000000 0.000000 1.000000
0.999487 -0.031717 0.004488 -0.000000 0.031802 0.999284 -0.020474 16.254000 -0.003836 0.020607 0.999780 -0.165600 0.000000 0.000000 0.000000 1.000000
0.999544 -0.029528 0.006253 0.000000 0.029648 0.999356 -0.020210 16.254000 -0.005652 0.020386 0.999776 -0.165600 0.000000 0.000000 0.000000 1.000000</float_array><technique_common><accessor source="#arissa_Spine1-Matrix-animation-output-transform-array" count="29" stride="16"><param type="float4x4"/></accessor></technique_common></source><source id="arissa_Spine1-Interpolations"><Name_array id="arissa_Spine1-Interpolations-array" count="29">
 LINEAR LINEAR LINEAR LINEAR LINEAR LINEAR LINEAR LINEAR LINEAR LINEAR LINEAR
LINEAR LINEAR LINEAR LINEAR LINEAR LINEAR LINEAR LINEAR LINEAR LINEAR LINEAR LINEAR
LINEAR LINEAR LINEAR LINEAR LINEAR LINEAR</Name_array><technique_common><accessor source="#arissa_Spine1-Interpolations-array" count="29"><param type="name"/></accessor></technique_common></source><sampler id="arissa_Spine1-Matrix-animation-transform"><input semantic="INPUT" source="#arissa_Spine1-Matrix-animation-input"/><input semantic="OUTPUT" source="#arissa_Spine1-Matrix-animation-output-transform"/><input semantic="INTERPOLATION" source="#arissa_Spine1-Interpolations"/></sampler><channel source="#arissa_Spine1-Matrix-animation-transform" target="arissa_Spine1/matrix"/></animation>
    <animation id="arissa_Spine2-anim" name="arissa_Spine2"><source id="arissa_Spine2-Matrix-animation-input"><float_array id="arissa_Spine2-Matrix-animation-input-array" count="29">

0.000000 0.033333 0.066667 0.100000 0.133333 0.166667 0.200000 0.233333 0.266667 0.300000 0.333333 0.366667 0.400000 0.433333 0.466667 0.500000
0.533333 0.566667 0.600000 0.633333 0.666667 0.700000 0.733333 0.766667 0.800000 0.833333 0.866667 0.900000 0.933333</float_array><technique_common><accessor source="#arissa_Spine2-Matrix-animation-input-array" count="29"><param name="TIME" type="float"/></accessor></technique_common></source><source id="arissa_Spine2-Matrix-animation-output-transform"><float_array id="arissa_Spine2-Matrix-animation-output-transform-array" count="464">

0.999539 -0.029606 0.006693 0.000000 0.029733 0.999363 -0.019752 13.639600 -0.006104 0.019942 0.999783 -1.292300 0.000000 0.000000 0.000000 1.000000
0.999539 -0.028896 0.009360 0.000000 0.029089 0.999351 -0.021262 13.639600 -0.008740 0.021524 0.999730 -1.292300 0.000000 0.000000 0.000000 1.000000
0.999521 -0.028765 0.011409 0.000000 0.029023 0.999310 -0.023167 13.639600 -0.010734 0.023487 0.999667 -1.292300 0.000000 0.000000 0.000000 1.000000
0.999488 -0.029012 0.013482 -0.000000 0.029351 0.999239 -0.025694 13.639600 -0.012726 0.026077 0.999579 -1.292300 0.000000 0.000000 0.000000 1.000000
0.999443 -0.029175 0.016211 -0.000000 0.029629 0.999154 -0.028511 13.639600 -0.015365 0.028975 0.999462 -1.292300 0.000000 0.000000 0.000000 1.000000
0.999381 -0.029127 0.019707 0.000000 0.029723 0.999087 -0.030689 13.639600 -0.018795 0.031256 0.999335 -1.292300 0.000000 0.000000 0.000000 1.000000
0.999306 -0.029065 0.023277 0.000000 0.029790 0.999063 -0.031394 13.639600 -0.022343 0.032065 0.999236 -1.292300 0.000000 0.000000 0.000000 1.000000
0.999241 -0.029174 0.025824 0.000000 0.029962 0.999080 -0.030678 13.639600 -0.024906 0.031429 0.999196 -1.292300 0.000000 0.000000 0.000000 1.000000
0.999195 -0.029567 0.027111 0.000000 0.030362 0.999107 -0.029391 13.639600 -0.026218 0.030191 0.999200 -1.292300 0.000000 0.000000 0.000000 1.000000
0.999132 -0.030345 0.028538 0.000000 0.031147 0.999120 -0.028100 13.639600 -0.027660 0.028965 0.999198 -1.292300 0.000000 0.000000 0.000000 1.000000
0.999008 -0.031234 0.031736 -0.000000 0.032074 0.999139 -0.026319 13.639600 -0.030886 0.027311 0.999150 -1.292300 0.000000 0.000000 0.000000 1.000000
0.998863 -0.030901 0.036301 0.000000 0.031761 0.999223 -0.023352 13.639600 -0.035551 0.024478 0.999068 -1.292300 0.000000 0.000000 0.000000 1.000000
0.998817 -0.027948 0.039782 -0.000000 0.028753 0.999391 -0.019796 13.639600 -0.039205 0.020916 0.999012 -1.292300 0.000000 0.000000 0.000000 1.000000
0.998926 -0.023261 0.040082 0.000000 0.023973 0.999562 -0.017373 13.639600 -0.039661 0.018315 0.999045 -1.292300 0.000000 0.000000 0.000000 1.000000
0.999114 -0.019822 0.037127 -0.000000 0.020465 0.999646 -0.017010 13.639600 -0.036777 0.017755 0.999166 -1.292300 0.000000 0.000000 0.000000 1.000000
0.999315 -0.018414 0.032107 0.000000 0.018990 0.999663 -0.017724 13.639600 -0.031769 0.018322 0.999327 -1.292300 0.000000 0.000000 0.000000 1.000000
0.999490 -0.017218 0.026900 0.000000 0.017712 0.999677 -0.018251 13.639600 -0.026577 0.018719 0.999471 -1.292300 0.000000 0.000000 0.000000 1.000000
0.999593 -0.015115 0.024202 0.000000 0.015581 0.999694 -0.019189 13.639600 -0.023905 0.019558 0.999523 -1.292300 0.000000 0.000000 0.000000 1.000000
0.999578 -0.014075 0.025413 0.000000 0.014635 0.999651 -0.021975 13.639600 -0.025095 0.022337 0.999435 -1.292300 0.000000 0.000000 0.000000 1.000000
0.999504 -0.016024 0.027118 0.000000 0.016724 0.999527 -0.025790 13.639600 -0.026692 0.026231 0.999299 -1.292300 0.000000 0.000000 0.000000 1.000000
0.999534 -0.019682 0.023353 0.000000 0.020323 0.999414 -0.027542 13.639600 -0.022797 0.028003 0.999348 -1.292300 0.000000 0.000000 0.000000 1.000000
0.999646 -0.022723 0.013861 0.000000 0.023077 0.999397 -0.025934 13.639600 -0.013263 0.026244 0.999568 -1.292300 0.000000 0.000000 0.000000 1.000000
0.999670 -0.025154 0.005204 0.000000 0.025268 0.999410 -0.023280 13.639600 -0.004615 0.023404 0.999715 -1.292300 0.000000 0.000000 0.000000 1.000000
0.999598 -0.028310 0.001397 -0.000000 0.028334 0.999359 -0.021864 13.639600 -0.000777 0.021894 0.999760 -1.292300 0.000000 0.000000 0.000000 1.000000
0.999490 -0.031921 0.000767 0.000000 0.031930 0.999258 -0.021547 13.639600 -0.000079 0.021561 0.999768 -1.292300 0.000000 0.000000 0.000000 1.000000
0.999420 -0.034020 0.001335 -0.000000 0.034041 0.999195 -0.021244 13.639600 -0.000611 0.021277 0.999773 -1.292300 0.000000 0.000000 0.000000 1.000000
0.999437 -0.033429 0.002854 0.000000 0.033481 0.999227 -0.020608 13.639600 -0.002163 0.020692 0.999784 -1.292300 0.000000 0.000000 0.000000 1.000000
0.999500 -0.031214 0.004975 0.000000 0.031307 0.999310 -0.020000 13.639600 -0.004347 0.020145 0.999788 -1.292300 0.000000 0.000000 0.000000 1.000000
0.999540 -0.029575 0.006684 0.000000 0.029702 0.999364 -0.019752 13.639600 -0.006095 0.019942 0.999783 -1.292300 0.000000 0.000000 0.000000 1.000000</float_array><technique_common><accessor source="#arissa_Spine2-Matrix-animation-output-transform-array" count="29" stride="16"><param type="float4x4"/></accessor></technique_common></source><source id="arissa_Spine2-Interpolations"><Name_array id="arissa_Spine2-Interpolations-array" count="29">
 LINEAR LINEAR LINEAR LINEAR LINEAR LINEAR LINEAR LINEAR LINEAR LINEAR LINEAR
LINEAR LINEAR LINEAR LINEAR LINEAR LINEAR LINEAR LINEAR LINEAR LINEAR LINEAR LINEAR
LINEAR LINEAR LINEAR LINEAR LINEAR LINEAR</Name_array><technique_common><accessor source="#arissa_Spine2-Interpolations-array" count="29"><param type="name"/></accessor></technique_common></source><sampler id="arissa_Spine2-Matrix-animation-transform"><input semantic="INPUT" source="#arissa_Spine2-Matrix-animation-input"/><input semantic="OUTPUT" source="#arissa_Spine2-Matrix-animation-output-transform"/><input semantic="INTERPOLATION" source="#arissa_Spine2-Interpolations"/></sampler><channel source="#arissa_Spine2-Matrix-animation-transform" target="arissa_Spine2/matrix"/></animation>
    <animation id="arissa_Neck-anim" name="arissa_Neck"><source id="arissa_Neck-Matrix-animation-input"><float_array id="arissa_Neck-Matrix-animation-input-array" count="29">

0.000000 0.033333 0.066667 0.100000 0.133333 0.166667 0.200000 0.233333 0.266667 0.300000 0.333333 0.366667 0.400000 0.433333 0.466667 0.500000
0.533333 0.566667 0.600000 0.633333 0.666667 0.700000 0.733333 0.766667 0.800000 0.833333 0.866667 0.900000 0.933333</float_array><technique_common><accessor source="#arissa_Neck-Matrix-animation-input-array" count="29"><param name="TIME" type="float"/></accessor></technique_common></source><source id="arissa_Neck-Matrix-animation-output-transform"><float_array id="arissa_Neck-Matrix-animation-output-transform-array" count="464">

0.999968 -0.007936 -0.001378 0.000000 0.007762 0.995152 -0.098040 13.877400 0.002150 0.098026 0.995182 -4.354200 0.000000 0.000000 0.000000 1.000000
0.999941 -0.001752 0.010689 0.000000 0.002773 0.995353 -0.096248 13.877400 -0.010470 0.096272 0.995300 -4.354200 0.000000 0.000000 0.000000 1.000000
0.999471 0.007755 0.031596 0.000000 -0.004585 0.995057 -0.099204 13.877400 -0.032210 0.099007 0.994565 -4.354200 0.000000 0.000000 0.000000 1.000000
0.998048 0.019181 0.059433 0.000000 -0.012739 0.994185 -0.106931 13.877400 -0.061138 0.105965 0.992489 -4.354200 0.000000 0.000000 0.000000 1.000000
0.995491 0.030183 0.089923 0.000000 -0.019480 0.992869 -0.117607 13.877400 -0.092831 0.115325 0.988981 -4.354200 0.000000 0.000000 0.000000 1.000000
0.992328 0.038550 0.117466 0.000000 -0.023337 0.991469 -0.128238 13.877400 -0.121407 0.124513 0.984762 -4.354200 0.000000 0.000000 0.000000 1.000000
0.989503 0.043529 0.137798 0.000000 -0.024568 0.990346 -0.136420 13.877400 -0.142406 0.131603 0.981021 -4.354200 0.000000 0.000000 0.000000 1.000000
0.987637 0.045871 0.149898 0.000000 -0.024540 0.989681 -0.141173 13.877400 -0.154827 0.135750 0.978571 -4.354200 0.000000 0.000000 0.000000 1.000000
0.986706 0.046874 0.155610 0.000000 -0.024453 0.989422 -0.142990 13.877400 -0.160667 0.137284 0.977415 -4.354200 0.000000 0.000000 0.000000 1.000000
0.986443 0.047392 0.157110 0.000000 -0.024701 0.989363 -0.143355 13.877400 -0.162233 0.137531 0.977121 -4.354200 0.000000 0.000000 0.000000 1.000000
0.986672 0.047704 0.155573 0.000000 -0.025159 0.989289 -0.143787 13.877400 -0.160766 0.137957 0.977304 -4.354200 0.000000 0.000000 0.000000 1.000000
0.987254 0.047804 0.151804 0.000000 -0.025659 0.989155 -0.144614 13.877400 -0.157071 0.138876 0.977774 -4.354200 0.000000 0.000000 0.000000 1.000000
0.988068 0.047159 0.146623 0.000000 -0.025747 0.989149 -0.144640 13.877400 -0.151853 0.139139 0.978561 -4.354200 0.000000 0.000000 0.000000 1.000000
0.989087 0.044645 0.140406 -0.000000 -0.024415 0.989475 -0.142628 13.877400 -0.145296 0.137644 0.979767 -4.354200 0.000000 0.000000 0.000000 1.000000
0.990331 0.039911 0.132856 0.000000 -0.021246 0.990058 -0.139049 13.877400 -0.137085 0.134882 0.981333 -4.354200 0.000000 0.000000 0.000000 1.000000
0.991750 0.034477 0.123463 0.000000 -0.017560 0.990612 -0.135573 13.877400 -0.126978 0.132286 0.983045 -4.354200 0.000000 0.000000 0.000000 1.000000
0.993239 0.030036 0.112131 0.000000 -0.014970 0.991022 -0.132856 13.877400 -0.115115 0.130279 0.984772 -4.354200 0.000000 0.000000 0.000000 1.000000
0.994713 0.026224 0.099287 0.000000 -0.013183 0.991454 -0.129790 13.877400 -0.101842 0.127795 0.986558 -4.354200 0.000000 0.000000 0.000000 1.000000
0.996113 0.021439 0.085434 0.000000 -0.010618 0.992080 -0.125156 13.877400 -0.087441 0.123762 0.988452 -4.354200 0.000000 0.000000 0.000000 1.000000
0.997371 0.015052 0.070878 0.000000 -0.006524 0.992868 -0.119039 13.877400 -0.072164 0.118263 0.990357 -4.354200 0.000000 0.000000 0.000000 1.000000
0.998406 0.007779 0.055906 0.000000 -0.001447 0.993660 -0.112420 13.877400 -0.056426 0.112160 0.992087 -4.354200 0.000000 0.000000 0.000000 1.000000
0.999156 0.000800 0.041078 -0.000000 0.003575 0.994325 -0.106327 13.877400 -0.040930 0.106384 0.993482 -4.354200 0.000000 0.000000 0.000000 1.000000
0.999613 -0.004665 0.027427 0.000000 0.007432 0.994792 -0.101654 13.877400 -0.026810 0.101819 0.994442 -4.354200 0.000000 0.000000 0.000000 1.000000
0.999838 -0.007712 0.016261 -0.000000 0.009285 0.995045 -0.098988 13.877400 -0.015417 0.099123 0.994956 -4.354200 0.000000 0.000000 0.000000 1.000000
0.999929 -0.008513 0.008361 0.000000 0.009293 0.995133 -0.098100 13.877400 -0.007485 0.098170 0.995141 -4.354200 0.000000 0.000000 0.000000 1.000000
0.999960 -0.008258 0.003478 -0.000000 0.008559 0.995145 -0.098043 13.877400 -0.002651 0.098069 0.995176 -4.354200 0.000000 0.000000 0.000000 1.000000
0.999968 -0.007986 0.000734 0.000000 0.008019 0.995150 -0.098044 13.877400 0.000052 0.098046 0.995182 -4.354200 0.000000 0.000000 0.000000 1.000000
0.999968 -0.007943 -0.000723 -0.000000 0.007833 0.995151 -0.098044 13.877400 0.001499 0.098035 0.995182 -4.354200 0.000000 0.000000 0.000000 1.000000
0.999968 -0.007943 -0.001362 -0.000000 0.007771 0.995152 -0.098043 13.877400 0.002134 0.098030 0.995181 -4.354200 0.000000 0.000000 0.000000 1.000000</float_array><technique_common><accessor source="#arissa_Neck-Matrix-animation-output-transform-array" count="29" stride="16"><param type="float4x4"/></accessor></technique_common></source><source id="arissa_Neck-Interpolations"><Name_array id="arissa_Neck-Interpolations-array" count="29">
 LINEAR LINEAR LINEAR LINEAR LINEAR LINEAR LINEAR LINEAR LINEAR LINEAR LINEAR
LINEAR LINEAR LINEAR LINEAR LINEAR LINEAR LINEAR LINEAR LINEAR LINEAR LINEAR LINEAR
LINEAR LINEAR LINEAR LINEAR LINEAR LINEAR</Name_array><technique_common><accessor source="#arissa_Neck-Interpolations-array" count="29"><param type="name"/></accessor></technique_common></source><sampler id="arissa_Neck-Matrix-animation-transform"><input semantic="INPUT" source="#arissa_Neck-Matrix-animation-input"/><input semantic="OUTPUT" source="#arissa_Neck-Matrix-animation-output-transform"/><input semantic="INTERPOLATION" source="#arissa_Neck-Interpolations"/></sampler><channel source="#arissa_Neck-Matrix-animation-transform" target="arissa_Neck/matrix"/></animation>
    <animation id="arissa_Neck1-anim" name="arissa_Neck1"><source id="arissa_Neck1-Matrix-animation-input"><float_array id="arissa_Neck1-Matrix-animation-input-array" count="29">

0.000000 0.033333 0.066667 0.100000 0.133333 0.166667 0.200000 0.233333 0.266667 0.300000 0.333333 0.366667 0.400000 0.433333 0.466667 0.500000
0.533333 0.566667 0.600000 0.633333 0.666667 0.700000 0.733333 0.766667 0.800000 0.833333 0.866667 0.900000 0.933333</float_array><technique_common><accessor source="#arissa_Neck1-Matrix-animation-input-array" count="29"><param name="TIME" type="float"/></accessor></technique_common></source><source id="arissa_Neck1-Matrix-animation-output-transform"><float_array id="arissa_Neck1-Matrix-animation-output-transform-array" count="464">

1.000000 -0.000000 -0.000000 0.000000 -0.000000 1.000000 -0.000000 4.340000 -0.000000 0.000000 1.000000 0.926900 0.000000 0.000000 0.000000 1.000000
1.000000 0.000000 -0.000000 -0.000000 -0.000000 1.000000 -0.000000 4.340000 -0.000000 0.000000 1.000000 0.926900 0.000000 0.000000 0.000000 1.000000
1.000000 0.000000 0.000000 -0.000000 0.000000 1.000000 -0.000000 4.340000 0.000000 0.000000 1.000000 0.926900 0.000000 0.000000 0.000000 1.000000
1.000000 0.000000 -0.000000 0.000000 0.000000 1.000000 0.000000 4.340000 -0.000000 -0.000000 1.000000 0.926900 0.000000 0.000000 0.000000 1.000000
1.000000 0.000000 0.000000 0.000000 0.000000 1.000000 0.000000 4.340000 0.000000 0.000000 1.000000 0.926900 0.000000 0.000000 0.000000 1.000000
1.000000 0.000000 -0.000000 -0.000000 0.000000 1.000000 -0.000000 4.340000 0.000000 0.000000 1.000000 0.926900 0.000000 0.000000 0.000000 1.000000
1.000000 -0.000000 0.000000 0.000000 0.000000 1.000000 0.000000 4.340000 0.000000 -0.000000 1.000000 0.926900 0.000000 0.000000 0.000000 1.000000
1.000000 -0.000000 -0.000000 -0.000000 -0.000000 1.000000 0.000000 4.340000 0.000000 0.000000 1.000000 0.926900 0.000000 0.000000 0.000000 1.000000
1.000000 0.000000 -0.000000 -0.000000 0.000000 1.000000 0.000000 4.340000 -0.000000 0.000000 1.000000 0.926900 0.000000 0.000000 0.000000 1.000000
1.000000 0.000000 0.000000 0.000000 -0.000000 1.000000 0.000000 4.340000 0.000000 0.000000 1.000000 0.926900 0.000000 0.000000 0.000000 1.000000
1.000000 0.000000 0.000000 -0.000000 0.000000 1.000000 0.000000 4.340000 0.000000 0.000000 1.000000 0.926900 0.000000 0.000000 0.000000 1.000000
1.000000 -0.000000 -0.000000 0.000000 0.000000 1.000000 0.000000 4.340000 0.000000 0.000000 1.000000 0.926900 0.000000 0.000000 0.000000 1.000000
1.000000 -0.000000 0.000000 -0.000000 0.000000 1.000000 -0.000000 4.340000 0.000000 0.000000 1.000000 0.926900 0.000000 0.000000 0.000000 1.000000
1.000000 -0.000000 -0.000000 0.000000 0.000000 1.000000 0.000000 4.340000 0.000000 -0.000000 1.000000 0.926900 0.000000 0.000000 0.000000 1.000000
1.000000 -0.000000 -0.000000 0.000000 -0.000000 1.000000 0.000000 4.340000 -0.000000 0.000000 1.000000 0.926900 0.000000 0.000000 0.000000 1.000000
1.000000 0.000000 0.000000 0.000000 -0.000000 1.000000 0.000000 4.340000 -0.000000 0.000000 1.000000 0.926900 0.000000 0.000000 0.000000 1.000000
1.000000 0.000000 0.000000 0.000000 0.000000 1.000000 0.000000 4.340000 0.000000 0.000000 1.000000 0.926900 0.000000 0.000000 0.000000 1.000000
1.000000 0.000000 -0.000000 0.000000 0.000000 1.000000 0.000000 4.340000 0.000000 -0.000000 1.000000 0.926900 0.000000 0.000000 0.000000 1.000000
1.000000 -0.000000 -0.000000 0.000000 0.000000 1.000000 0.000000 4.340000 0.000000 0.000000 1.000000 0.926900 0.000000 0.000000 0.000000 1.000000
1.000000 0.000000 0.000000 0.000000 0.000000 1.000000 -0.000000 4.340000 0.000000 -0.000000 1.000000 0.926900 0.000000 0.000000 0.000000 1.000000
1.000000 0.000000 0.000000 -0.000000 -0.000000 1.000000 0.000000 4.340000 -0.000000 0.000000 1.000000 0.926900 0.000000 0.000000 0.000000 1.000000
1.000000 0.000000 -0.000000 0.000000 0.000000 1.000000 -0.000000 4.340000 0.000000 -0.000000 1.000000 0.926900 0.000000 0.000000 0.000000 1.000000
1.000000 -0.000000 -0.000000 0.000000 -0.000000 1.000000 0.000000 4.340000 0.000000 -0.000000 1.000000 0.926900 0.000000 0.000000 0.000000 1.000000
1.000000 -0.000000 -0.000000 0.000000 0.000000 1.000000 -0.000000 4.340000 0.000000 0.000000 1.000000 0.926900 0.000000 0.000000 0.000000 1.000000
1.000000 0.000000 0.000000 0.000000 -0.000000 1.000000 0.000000 4.340000 0.000000 0.000000 1.000000 0.926900 0.000000 0.000000 0.000000 1.000000
1.000000 -0.000000 0.000000 0.000000 -0.000000 1.000000 0.000000 4.340000 -0.000000 0.000000 1.000000 0.926900 0.000000 0.000000 0.000000 1.000000
1.000000 0.000000 -0.000000 0.000000 0.000000 1.000000 -0.000000 4.340000 -0.000000 -0.000000 1.000000 0.926900 0.000000 0.000000 0.000000 1.000000
1.000000 0.000000 -0.000000 0.000000 -0.000000 1.000000 0.000000 4.340000 0.000000 -0.000000 1.000000 0.926900 0.000000 0.000000 0.000000 1.000000
1.000000 0.000000 0.000000 -0.000000 0.000000 1.000000 -0.000000 4.340000 0.000000 -0.000000 1.000000 0.926900 0.000000 0.000000 0.000000 1.000000</float_array><technique_common><accessor source="#arissa_Neck1-Matrix-animation-output-transform-array" count="29" stride="16"><param type="float4x4"/></accessor></technique_common></source><source id="arissa_Neck1-Interpolations"><Name_array id="arissa_Neck1-Interpolations-array" count="29">
 LINEAR LINEAR LINEAR LINEAR LINEAR LINEAR LINEAR LINEAR LINEAR LINEAR LINEAR
LINEAR LINEAR LINEAR LINEAR LINEAR LINEAR LINEAR LINEAR LINEAR LINEAR LINEAR LINEAR
LINEAR LINEAR LINEAR LINEAR LINEAR LINEAR</Name_array><technique_common><accessor source="#arissa_Neck1-Interpolations-array" count="29"><param type="name"/></accessor></technique_common></source><sampler id="arissa_Neck1-Matrix-animation-transform"><input semantic="INPUT" source="#arissa_Neck1-Matrix-animation-input"/><input semantic="OUTPUT" source="#arissa_Neck1-Matrix-animation-output-transform"/><input semantic="INTERPOLATION" source="#arissa_Neck1-Interpolations"/></sampler><channel source="#arissa_Neck1-Matrix-animation-transform" target="arissa_Neck1/matrix"/></animation>
    <animation id="arissa_Head-anim" name="arissa_Head"><source id="arissa_Head-Matrix-animation-input"><float_array id="arissa_Head-Matrix-animation-input-array" count="29">

0.000000 0.033333 0.066667 0.100000 0.133333 0.166667 0.200000 0.233333 0.266667 0.300000 0.333333 0.366667 0.400000 0.433333 0.466667 0.500000
0.533333 0.566667 0.600000 0.633333 0.666667 0.700000 0.733333 0.766667 0.800000 0.833333 0.866667 0.900000 0.933333</float_array><technique_common><accessor source="#arissa_Head-Matrix-animation-input-array" count="29"><param name="TIME" type="float"/></accessor></technique_common></source><source id="arissa_Head-Matrix-animation-output-transform"><float_array id="arissa_Head-Matrix-animation-output-transform-array" count="464">

0.999711 0.001406 0.024009 0.000000 -0.004554 0.991295 0.131584 4.026600 -0.023615 -0.131656 0.991014 0.858500 0.000000 0.000000 0.000000 1.000000
0.997986 0.011224 0.062438 0.000000 -0.019709 0.990375 0.137000 4.026600 -0.060300 -0.137955 0.988601 0.858500 0.000000 0.000000 0.000000 1.000000
0.992694 0.025291 0.117982 0.000000 -0.041145 0.990134 0.133946 4.026600 -0.113430 -0.137821 0.983940 0.858500 0.000000 0.000000 0.000000 1.000000
0.981562 0.041968 0.186478 0.000000 -0.065120 0.990658 0.119819 4.026600 -0.179707 -0.129753 0.975125 0.858500 0.000000 0.000000 0.000000 1.000000
0.963976 0.058955 0.259373 -0.000000 -0.086009 0.991829 0.094218 4.026600 -0.251699 -0.113133 0.961171 0.858500 0.000000 0.000000 0.000000 1.000000
0.942349 0.074728 0.326180 0.000000 -0.100215 0.993031 0.062023 4.026600 -0.319272 -0.091135 0.943271 0.858500 0.000000 0.000000 0.000000 1.000000
0.920984 0.088925 0.379316 0.000000 -0.108913 0.993551 0.031520 4.026600 -0.374067 -0.070342 0.924730 0.858500 0.000000 0.000000 0.000000 1.000000
0.903345 0.101817 0.416655 -0.000000 -0.115963 0.993215 0.008707 4.026600 -0.412941 -0.056182 0.909023 0.858500 0.000000 0.000000 0.000000 1.000000
0.890664 0.113748 0.440203 0.000000 -0.123882 0.992280 -0.005755 4.026600 -0.437459 -0.049408 0.897880 0.858500 0.000000 0.000000 0.000000 1.000000
0.883032 0.124371 0.452532 0.000000 -0.132333 0.991104 -0.014164 4.026600 -0.450268 -0.047378 0.891635 0.858500 0.000000 0.000000 0.000000 1.000000
0.879937 0.132828 0.456145 0.000000 -0.139635 0.990022 -0.018924 4.026600 -0.454107 -0.047042 0.889704 0.858500 0.000000 0.000000 0.000000 1.000000
0.879848 0.138580 0.454602 -0.000000 -0.144555 0.989257 -0.021788 4.026600 -0.452737 -0.046545 0.890428 0.858500 0.000000 0.000000 0.000000 1.000000
0.880883 0.141815 0.451590 0.000000 -0.147071 0.988843 -0.023651 4.026600 -0.449905 -0.045582 0.891912 0.858500 0.000000 0.000000 0.000000 1.000000
0.881953 0.143726 0.448889 0.000000 -0.148739 0.988578 -0.024292 4.026600 -0.447253 -0.045343 0.893257 0.858500 0.000000 0.000000 0.000000 1.000000
