<?xml version="1.0" encoding="utf-8"?>
<COLLADA xmlns="http://www.collada.org/2005/11/COLLADASchema" version="1.4.1">
  <asset><contributor><author>Mixamo</author><authoring_tool>COLLADA Mixamo exporter</authoring_tool><comments></comments></contributor><created>2017-03-27T02:02:34Z</created><modified>2017-03-27T02:02:34Z</modified><revision></revision><title></title><unit meter="0.010000"/><up_axis>Y_UP</up_axis></asset>
  <library_animations>
    <animation id="arissa_Hips-anim" name="arissa_Hips"><source id="arissa_Hips-Matrix-animation-input"><float_array id="arissa_Hips-Matrix-animation-input-array" count="29">

0.000000 0.033333 0.066667 0.100000 0.133333 0.166667 0.200000 0.233333 0.266667 0.300000 0.333333 0.366667 0.400000 0.433333 0.466667 0.500000
0.533333 0.566667 0.600000 0.633333 0.666667 0.700000 0.733333 0.766667 0.800000 0.833333 0.866667 0.900000 0.933333</float_array><technique_common><accessor source="#arissa_Hips-Matrix-animation-input-array" count="29"><param name="TIME" type="float"/></accessor></technique_common></source><source id="arissa_Hips-Matrix-animation-output-transform"><float_array id="arissa_Hips-Matrix-animation-output-transform-array" count="464">

0.992487 0.046169 0.113304 0.019762 -0.053794 0.996422 0.065194 95.637894 -0.109889 -0.070799 0.991419 0.004797 0.000000 0.000000 0.000000 1.000000
0.995982 0.049336 0.074743 0.604716 -0.054006 0.996626 0.061806 95.450226 -0.071442 -0.065594 0.995286 -0.378492 0.000000 0.000000 0.000000 1.000000
0.997905 0.052168 0.038259 2.008277 -0.054318 0.996867 0.057499 95.099785 -0.035140 -0.059457 0.997612 -1.156873 0.000000 0.000000 0.000000 1.000000
0.998509 0.054509 0.002875 3.874638 -0.054584 0.997116 0.052719 94.853622 0.000007 -0.052798 0.998605 -1.818603 0.000000 0.000000 0.000000 1.000000
0.997820 0.057509 -0.032359 5.853410 -0.055924 0.997285 0.047902 94.866371 0.035026 -0.045988 0.998328 -2.433513 0.000000 0.000000 0.000000 1.000000
0.995829 0.060277 -0.068489 7.514880 -0.057382 0.997405 0.043483 94.942963 0.070932 -0.039372 0.996704 -2.989850 0.000000 0.000000 0.000000 1.000000
0.992337 0.062622 -0.106513 8.741755 -0.058665 0.997480 0.039890 94.907227 0.108743 -0.033336 0.993511 -3.409060 0.000000 0.000000 0.000000 1.000000
0.986973 0.064509 -0.147390 9.714066 -0.059591 0.997517 0.037543 94.772942 0.149446 -0.028271 0.988366 -3.719841 0.000000 0.000000 0.000000 1.000000
0.979181 0.065820 -0.192022 10.450483 -0.059827 0.997528 0.036851 94.607719 0.193973 -0.024596 0.980698 -4.014587 0.000000 0.000000 0.000000 1.000000
0.968162 0.067071 -0.241172 10.957368 -0.059589 0.997492 0.038195 94.462456 0.243129 -0.022608 0.969731 -4.335606 0.000000 0.000000 0.000000 1.000000
0.950751 0.068109 -0.302379 11.215291 -0.057244 0.997361 0.044662 94.402573 0.304623 -0.025153 0.952141 -4.759009 0.000000 0.000000 0.000000 1.000000
0.929666 0.071305 -0.361436 11.127984 -0.055460 0.996997 0.054041 94.452858 0.364204 -0.030195 0.930829 -5.376395 0.000000 0.000000 0.000000 1.000000
0.906959 0.077306 -0.414064 10.740313 -0.056730 0.996476 0.061783 94.524551 0.417381 -0.032545 0.908148 -6.175712 0.000000 0.000000 0.000000 1.000000
0.876435 0.086744 -0.473643 10.334291 -0.061799 0.995769 0.068013 94.477730 0.477539 -0.030339 0.878087 -7.042120 0.000000 0.000000 0.000000 1.000000
0.833317 0.093073 -0.544904 10.001037 -0.061312 0.995204 0.076223 94.380447 0.549385 -0.030108 0.835027 -7.839135 0.000000 0.000000 0.000000 1.000000
0.773407 0.095558 -0.626666 9.672955 -0.052984 0.994858 0.086311 94.356461 0.631692 -0.033551 0.774493 -8.485604 0.000000 0.000000 0.000000 1.000000
0.689636 0.094432 -0.717973 9.368543 -0.039167 0.994874 0.093230 94.525749 0.723096 -0.036173 0.689800 -8.880375 0.000000 0.000000 0.000000 1.000000
0.583576 0.094703 -0.806517 9.068529 -0.027502 0.994912 0.096925 94.769592 0.811592 -0.034382 0.583211 -8.930180 0.000000 0.000000 0.000000 1.000000
0.464479 0.096936 -0.880263 8.667105 -0.017383 0.994798 0.100376 95.039673 0.885414 -0.031321 0.463747 -8.638350 0.000000 0.000000 0.000000 1.000000
0.354462 0.096641 -0.930063 8.106233 -0.009673 0.994971 0.099699 95.334282 0.935020 -0.026343 0.353614 -8.135592 0.000000 0.000000 0.000000 1.000000
0.279997 0.094586 -0.955330 7.390458 -0.010135 0.995370 0.095580 95.536201 0.959947 -0.017080 0.279659 -7.450738 0.000000 0.000000 0.000000 1.000000
0.220292 0.091795 -0.971105 6.472665 -0.013042 0.995750 0.091166 95.594307 0.975347 -0.007418 0.220553 -6.614444 0.000000 0.000000 0.000000 1.000000
0.166376 0.088401 -0.982092 5.342393 -0.016834 0.996083 0.086808 95.490906 0.985919 0.002090 0.167212 -5.632012 0.000000 0.000000 0.000000 1.000000
0.117131 0.084443 -0.989520 4.088882 -0.020649 0.996370 0.082584 95.211449 0.992902 0.010760 0.118450 -4.560162 0.000000 0.000000 0.000000 1.000000
0.071058 0.080232 -0.994240 2.905761 -0.026203 0.996566 0.078547 95.038628 0.997128 0.020471 0.072916 -3.504850 0.000000 0.000000 0.000000 1.000000
0.026794 0.075626 -0.996776 1.882540 -0.032524 0.996672 0.074744 95.142471 0.999112 0.030416 0.029165 -2.528136 0.000000 0.000000 0.000000 1.000000
-0.021486 0.070151 -0.997305 1.039310 -0.040237 0.996666 0.070973 95.356491 0.998959 0.041653 -0.018591 -1.546896 0.000000 0.000000 0.000000 1.000000
-0.080414 0.062904 -0.994775 0.318550 -0.049237 0.996538 0.066995 95.544861 0.995545 0.054367 -0.077039 -0.494657 0.000000 0.000000 0.000000 1.000000
-0.109977 0.058975 -0.992183 -0.008857 -0.053836 0.996419 0.065194 95.636948 0.992475 0.060585 -0.106408 0.018038 0.000000 0.000000 0.000000 1.000000</float_array><technique_common><accessor source="#arissa_Hips-Matrix-animation-output-transform-array" count="29" stride="16"><param type="float4x4"/></accessor></technique_common></source><source id="arissa_Hips-Interpolations"><Name_array id="arissa_Hips-Interpolations-array" count="29">
 LINEAR LINEAR LINEAR LINEAR LINEAR LINEAR LINEAR LINEAR LINEAR LINEAR LINEAR
LINEAR LINEAR LINEAR LINEAR LINEAR LINEAR LINEAR LINEAR LINEAR LINEAR LINEAR LINEAR
LINEAR LINEAR LINEAR LINEAR LINEAR LINEAR</Name_array><technique_common><accessor source="#arissa_Hips-Interpolations-array" count="29"><param type="name"/></accessor></technique_common></source><sampler id="arissa_Hips-Matrix-animation-transform"><input semantic="INPUT" source="#arissa_Hips-Matrix-animation-input"/><input semantic="OUTPUT" source="#arissa_Hips-Matrix-animation-output-transform"/><input semantic="INTERPOLATION" source="#arissa_Hips-Interpolations"/></sampler><channel source="#arissa_Hips-Matrix-animation-transform" target="arissa_Hips/matrix"/></animation>
    <animation id="arissa_Spine-anim" name="arissa_Spine"><source id="arissa_Spine-Matrix-animation-input"><float_array id="arissa_Spine-Matrix-animation-input-array" count="29">

0.000000 0.033333 0.066667 0.100000 0.133333 0.166667 0.200000 0.233333 0.266667 0.300000 0.333333 0.366667 0.400000 0.433333 0.466667 0.500000
0.533333 0.566667 0.600000 0.633333 0.666667 0.700000 0.733333 0.766667 0.800000 0.833333 0.866667 0.900000 0.933333</float_array><technique_common><accessor source="#arissa_Spine-Matrix-animation-input-array" count="29"><param name="TIME" type="float"/></accessor></technique_common></source><source id="arissa_Spine-Matrix-animation-output-transform"><float_array id="arissa_Spine-Matrix-animation-output-transform-array" count="464">

0.998762 -0.041953 0.026747 0.000000 0.043439 0.997392 -0.057643 9.226300 -0.024259 0.058733 0.997979 1.577100 0.000000 0.000000 0.000000 1.000000
0.998992 -0.038643 0.022821 0.000000 0.039946 0.997417 -0.059703 9.226300 -0.020455 0.060555 0.997955 1.577100 0.000000 0.000000 0.000000 1.000000
0.999227 -0.034026 0.019688 0.000000 0.035187 0.997457 -0.061985 9.226300 -0.017529 0.062630 0.997883 1.577100 0.000000 0.000000 0.000000 1.000000
0.999292 -0.033670 0.016783 -0.000000 0.034683 0.997333 -0.064217 9.226300 -0.014576 0.064753 0.997795 1.577100 0.000000 0.000000 0.000000 1.000000
0.999069 -0.040867 0.013821 -0.000000 0.041692 0.996953 -0.065933 9.226300 -0.011084 0.066448 0.997728 1.577100 0.000000 0.000000 0.000000 1.000000
0.998690 -0.050108 0.010398 0.000000 0.050690 0.996503 -0.066420 9.226300 -0.007033 0.066860 0.997738 1.577100 0.000000 0.000000 0.000000 1.000000
0.998499 -0.054445 0.005934 0.000000 0.054717 0.996373 -0.065162 9.226300 -0.002365 0.065389 0.997857 1.577100 0.000000 0.000000 0.000000 1.000000
0.998503 -0.054656 0.001890 0.000000 0.054667 0.996561 -0.062276 9.226300 0.001520 0.062286 0.998057 1.577100 0.000000 0.000000 0.000000 1.000000
0.998548 -0.053871 0.000357 0.000000 0.053799 0.996822 -0.058744 9.226300 0.002809 0.058678 0.998273 1.577100 0.000000 0.000000 0.000000 1.000000
0.998596 -0.052964 -0.000636 -0.000000 0.052846 0.997037 -0.055905 9.226300 0.003595 0.055793 0.998436 1.577100 0.000000 0.000000 0.000000 1.000000
0.998577 -0.053185 -0.003808 -0.000000 0.052905 0.997157 -0.053648 9.226300 0.006650 0.053370 0.998553 1.577100 0.000000 0.000000 0.000000 1.000000
0.998533 -0.053378 -0.009035 -0.000000 0.052851 0.997299 -0.050998 9.226300 0.011733 0.050446 0.998658 1.577100 0.000000 0.000000 0.000000 1.000000
0.998635 -0.050647 -0.012768 0.000000 0.049968 0.997555 -0.048850 9.226300 0.015211 0.048145 0.998725 1.577100 0.000000 0.000000 0.000000 1.000000
0.998688 -0.049926 -0.011409 -0.000000 0.049313 0.997590 -0.048816 9.226300 0.013819 0.048189 0.998743 1.577100 0.000000 0.000000 0.000000 1.000000
0.998885 -0.046780 -0.006306 0.000000 0.046396 0.997607 -0.051257 9.226300 0.008689 0.050907 0.998666 1.577100 0.000000 0.000000 0.000000 1.000000
0.999246 -0.038820 -0.000055 -0.000000 0.038759 0.997743 -0.054833 9.226300 0.002184 0.054789 0.998496 1.577100 0.000000 0.000000 0.000000 1.000000
0.999581 -0.028209 0.006550 -0.000000 0.028538 0.997953 -0.057226 9.226300 -0.004922 0.057389 0.998340 1.577100 0.000000 0.000000 0.000000 1.000000
0.999661 -0.023444 0.011301 0.000000 0.024078 0.997927 -0.059679 9.226300 -0.009879 0.059931 0.998154 1.577100 0.000000 0.000000 0.000000 1.000000
0.999615 -0.023369 0.014954 0.000000 0.024274 0.997685 -0.063530 9.226300 -0.013435 0.063869 0.997868 1.577100 0.000000 0.000000 0.000000 1.000000
0.999578 -0.022890 0.017860 -0.000000 0.024037 0.997472 -0.066879 9.226300 -0.016284 0.067280 0.997601 1.577100 0.000000 0.000000 0.000000 1.000000
0.999492 -0.024728 0.020116 0.000000 0.026067 0.997254 -0.069317 9.226300 -0.018347 0.069806 0.997392 1.577100 0.000000 0.000000 0.000000 1.000000
0.999309 -0.031171 0.020263 0.000000 0.032551 0.996893 -0.071728 9.226300 -0.017965 0.072338 0.997218 1.577100 0.000000 0.000000 0.000000 1.000000
0.998966 -0.041717 0.018077 0.000000 0.042937 0.996380 -0.073367 9.226300 -0.014951 0.074068 0.997141 1.577100 0.000000 0.000000 0.000000 1.000000
0.998308 -0.056027 0.015536 0.000000 0.057016 0.995708 -0.072907 9.226300 -0.011384 0.073670 0.997218 1.577100 0.000000 0.000000 0.000000 1.000000
0.997831 -0.064181 0.014600 0.000000 0.065059 0.995366 -0.070812 9.226300 -0.009987 0.071609 0.997383 1.577100 0.000000 0.000000 0.000000 1.000000
0.997864 -0.063136 0.016754 0.000000 0.064141 0.995594 -0.068405 9.226300 -0.012361 0.069334 0.997517 1.577100 0.000000 0.000000 0.000000 1.000000
0.998146 -0.057239 0.020698 -0.000000 0.058476 0.996163 -0.065117 9.226300 -0.016891 0.066207 0.997663 1.577100 0.000000 0.000000 0.000000 1.000000
0.998576 -0.047234 0.024780 0.000000 0.048653 0.997000 -0.060203 9.226300 -0.021862 0.061323 0.997879 1.577100 0.000000 0.000000 0.000000 1.000000
0.998763 -0.041924 0.026747 -0.000000 0.043410 0.997393 -0.057643 9.226300 -0.024260 0.058733 0.997979 1.577100 0.000000 0.000000 0.000000 1.000000</float_array><technique_common><accessor source="#arissa_Spine-Matrix-animation-output-transform-array" count="29" stride="16"><param type="float4x4"/></accessor></technique_common></source><source id="arissa_Spine-Interpolations"><Name_array id="arissa_Spine-Interpolations-array" count="29">
 LINEAR LINEAR LINEAR LINEAR LINEAR LINEAR LINEAR LINEAR LINEAR LINEAR LINEAR
LINEAR LINEAR LINEAR LINEAR LINEAR LINEAR LINEAR LINEAR LINEAR LINEAR LINEAR LINEAR
LINEAR LINEAR LINEAR LINEAR LINEAR LINEAR</Name_array><technique_common><accessor source="#arissa_Spine-Interpolations-array" count="29"><param type="name"/></accessor></technique_common></source><sampler id="arissa_Spine-Matrix-animation-transform"><input semantic="INPUT" source="#arissa_Spine-Matrix-animation-input"/><input semantic="OUTPUT" source="#arissa_Spine-Matrix-animation-output-transform"/><input semantic="INTERPOLATION" source="#arissa_Spine-Interpolations"/></sampler><channel source="#arissa_Spine-Matrix-animation-transform" target="arissa_Spine/matrix"/></animation>
    <animation id="arissa_Spine1-anim" name="arissa_Spine1"><source id="arissa_Spine1-Matrix-animation-input"><float_array id="arissa_Spine1-Matrix-animation-input-array" count="29">

0.000000 0.033333 0.066667 0.100000 0.133333 0.166667 0.200000 0.233333 0.266667 0.300000 0.333333 0.366667 0.400000 0.433333 0.466667 0.500000
0.533333 0.566667 0.600000 0.633333 0.666667 0.700000 0.733333 0.766667 0.800000 0.833333 0.866667 0.900000 0.933333</float_array><technique_common><accessor source="#arissa_Spine1-Matrix-animation-input-array" count="29"><param name="TIME" type="float"/></accessor></technique_common></source><source id="arissa_Spine1-Matrix-animation-output-transform"><float_array id="arissa_Spine1-Matrix-animation-output-transform-array" count="464">

0.999615 -0.027098 0.005925 -0.000000 0.027212 0.999428 -0.020103 16.254000 -0.005377 0.020256 0.999780 -0.165600 0.000000 0.000000 0.000000 1.000000
0.999629 -0.027053 0.003229 -0.000000 0.027117 0.999395 -0.021785 16.254000 -0.002638 0.021864 0.999757 -0.165600 0.000000 0.000000 0.000000 1.000000
0.999686 -0.025014 0.001198 -0.000000 0.025035 0.999410 -0.023528 16.254000 -0.000609 0.023551 0.999722 -0.165600 0.000000 0.000000 0.000000 1.000000
0.999770 -0.021411 -0.001267 0.000000 0.021372 0.999449 -0.025398 16.254000 0.001810 0.025365 0.999677 -0.165600 0.000000 0.000000 0.000000 1.000000
0.999839 -0.017302 -0.004688 0.000000 0.017169 0.999483 -0.027178 16.254000 0.005156 0.027093 0.999620 -0.165600 0.000000 0.000000 0.000000 1.000000
0.999880 -0.012794 -0.008717 0.000000 0.012546 0.999531 -0.027934 16.254000 0.009071 0.027821 0.999572 -0.165600 0.000000 0.000000 0.000000 1.000000
0.999888 -0.007303 -0.013054 0.000000 0.006949 0.999613 -0.026953 16.254000 0.013246 0.026860 0.999551 -0.165600 0.000000 0.000000 0.000000 1.000000
0.999859 -0.000710 -0.016765 -0.000000 0.000300 0.999701 -0.024438 16.254000 0.016777 0.024430 0.999561 -0.165600 0.000000 0.000000 0.000000 1.000000
0.999807 0.006412 -0.018546 0.000000 -0.006808 0.999749 -0.021351 16.254000 0.018405 0.021473 0.999600 -0.165600 0.000000 0.000000 0.000000 1.000000
0.999711 0.013359 -0.019990 0.000000 -0.013734 0.999730 -0.018731 16.254000 0.019734 0.019000 0.999625 -0.165600 0.000000 0.000000 0.000000 1.000000
0.999525 0.020253 -0.023250 0.000000 -0.020639 0.999651 -0.016488 16.254000 0.022908 0.016960 0.999594 -0.165600 0.000000 0.000000 0.000000 1.000000
0.999229 0.027602 -0.027928 0.000000 -0.027998 0.999511 -0.013888 16.254000 0.027531 0.014659 0.999513 -0.165600 0.000000 0.000000 0.000000 1.000000
0.998936 0.033848 -0.031318 0.000000 -0.034230 0.999345 -0.011743 16.254000 0.030900 0.012803 0.999440 -0.165600 0.000000 0.000000 0.000000 1.000000
0.998791 0.038448 -0.030615 0.000000 -0.038817 0.999180 -0.011529 16.254000 0.030147 0.012703 0.999465 -0.165600 0.000000 0.000000 0.000000 1.000000
0.998652 0.044415 -0.026849 -0.000000 -0.044791 0.998905 -0.013541 16.254000 0.026218 0.014725 0.999548 -0.165600 0.000000 0.000000 0.000000 1.000000
0.998405 0.051988 -0.022029 -0.000000 -0.052360 0.998489 -0.016659 16.254000 0.021130 0.017786 0.999619 -0.165600 0.000000 0.000000 0.000000 1.000000
0.998141 0.058637 -0.016622 0.000000 -0.058948 0.998083 -0.018877 16.254000 0.015483 0.019822 0.999684 -0.165600 0.000000 0.000000 0.000000 1.000000
0.998032 0.061475 -0.012400 -0.000000 -0.061726 0.997871 -0.021037 16.254000 0.011081 0.021761 0.999702 -0.165600 0.000000 0.000000 0.000000 1.000000
0.998050 0.061510 -0.010607 0.000000 -0.061752 0.997797 -0.024244 16.254000 0.009092 0.024852 0.999650 -0.165600 0.000000 0.000000 0.000000 1.000000
0.998129 0.060564 -0.008402 0.000000 -0.060771 0.997785 -0.027065 16.254000 0.006745 0.027524 0.999598 -0.165600 0.000000 0.000000 0.000000 1.000000
0.998352 0.057278 -0.003465 0.000000 -0.057355 0.997929 -0.029125 16.254000 0.001789 0.029276 0.999570 -0.165600 0.000000 0.000000 0.000000 1.000000
0.998696 0.051043 -0.000980 -0.000000 -0.051049 0.998224 -0.030701 16.254000 -0.000589 0.030711 0.999528 -0.165600 0.000000 0.000000 0.000000 1.000000
0.999049 0.043431 -0.003754 -0.000000 -0.043527 0.998566 -0.031153 16.254000 0.002395 0.031287 0.999508 -0.165600 0.000000 0.000000 0.000000 1.000000
0.999387 0.034353 -0.006782 -0.000000 -0.034541 0.998956 -0.029904 16.254000 0.005748 0.030120 0.999530 -0.165600 0.000000 0.000000 0.000000 1.000000
0.999697 0.024273 -0.004131 0.000000 -0.024379 0.999314 -0.027876 16.254000 0.003452 0.027968 0.999603 -0.165600 0.000000 0.000000 0.000000 1.000000
0.999946 0.009321 0.004515 0.000000 -0.009198 0.999606 -0.026535 16.254000 -0.004761 0.026492 0.999638 -0.165600 0.000000 0.000000 0.000000 1.000000
0.999925 -0.007696 0.009478 -0.000000 0.007929 0.999660 -0.024841 16.254000 -0.009283 0.024914 0.999646 -0.165600 0.000000 0.000000 0.000000 1.000000
0.999746 -0.021173 0.007728 0.000000 0.021337 0.999536 -0.021741 16.254000 -0.007264 0.021901 0.999734 -0.165600 0.000000 0.000000 0.000000 1.000000
0.999615 -0.027098 0.005924 0.000000 0.027212 0.999428 -0.020103 16.254000 -0.005376 0.020256 0.999780 -0.165600 0.000000 0.000000 0.000000 1.000000</float_array><technique_common><accessor source="#arissa_Spine1-Matrix-animation-output-transform-array" count="29" stride="16"><param type="float4x4"/></accessor></technique_common></source><source id="arissa_Spine1-Interpolations"><Name_array id="arissa_Spine1-Interpolations-array" count="29">
 LINEAR LINEAR LINEAR LINEAR LINEAR LINEAR LINEAR LINEAR LINEAR LINEAR LINEAR
LINEAR LINEAR LINEAR LINEAR LINEAR LINEAR LINEAR LINEAR LINEAR LINEAR LINEAR LINEAR
LINEAR LINEAR LINEAR LINEAR LINEAR LINEAR</Name_array><technique_common><accessor source="#arissa_Spine1-Interpolations-array" count="29"><param type="name"/></accessor></technique_common></source><sampler id="arissa_Spine1-Matrix-animation-transform"><input semantic="INPUT" source="#arissa_Spine1-Matrix-animation-input"/><input semantic="OUTPUT" source="#arissa_Spine1-Matrix-animation-output-transform"/><input semantic="INTERPOLATION" source="#arissa_Spine1-Interpolations"/></sampler><channel source="#arissa_Spine1-Matrix-animation-transform" target="arissa_Spine1/matrix"/></animation>
    <animation id="arissa_Spine2-anim" name="arissa_Spine2"><source id="arissa_Spine2-Matrix-animation-input"><float_array id="arissa_Spine2-Matrix-animation-input-array" count="29">

0.000000 0.033333 0.066667 0.100000 0.133333 0.166667 0.200000 0.233333 0.266667 0.300000 0.333333 0.366667 0.400000 0.433333 0.466667 0.500000
0.533333 0.566667 0.600000 0.633333 0.666667 0.700000 0.733333 0.766667 0.800000 0.833333 0.866667 0.900000 0.933333</float_array><technique_common><accessor source="#arissa_Spine2-Matrix-animation-input-array" count="29"><param name="TIME" type="float"/></accessor></technique_common></source><source id="arissa_Spine2-Matrix-animation-output-transform"><float_array id="arissa_Spine2-Matrix-animation-output-transform-array" count="464">

0.999611 -0.027151 0.006310 -0.000000 0.027271 0.999435 -0.019651 13.639600 -0.005773 0.019815 0.999787 -1.292300 0.000000 0.000000 0.000000 1.000000
0.999606 -0.027822 0.003582 -0.000000 0.027892 0.999385 -0.021264 13.639600 -0.002988 0.021356 0.999767 -1.292300 0.000000 0.000000 0.000000 1.000000
0.999609 -0.027914 0.001661 -0.000000 0.027945 0.999346 -0.022938 13.639600 -0.001020 0.022976 0.999736 -1.292300 0.000000 0.000000 0.000000 1.000000
0.999618 -0.027619 -0.000525 0.000000 0.027597 0.999313 -0.024749 13.639600 0.001208 0.024725 0.999694 -1.292300 0.000000 0.000000 0.000000 1.000000
0.999608 -0.027774 -0.003507 0.000000 0.027672 0.999266 -0.026488 13.639600 0.004240 0.026381 0.999643 -1.292300 0.000000 0.000000 0.000000 1.000000
0.999574 -0.028328 -0.006985 0.000000 0.028129 0.999234 -0.027215 13.639600 0.007751 0.027007 0.999605 -1.292300 0.000000 0.000000 0.000000 1.000000
0.999535 -0.028547 -0.010709 0.000000 0.028258 0.999257 -0.026200 13.639600 0.011449 0.025885 0.999599 -1.292300 0.000000 0.000000 0.000000 1.000000
0.999509 -0.028139 -0.013759 -0.000000 0.027809 0.999333 -0.023656 13.639600 0.014416 0.023262 0.999625 -1.292300 0.000000 0.000000 0.000000 1.000000
0.999511 -0.027505 -0.014860 0.000000 0.027197 0.999419 -0.020554 13.639600 0.015416 0.020140 0.999678 -1.292300 0.000000 0.000000 0.000000 1.000000
0.999510 -0.027127 -0.015631 0.000000 0.026846 0.999479 -0.017925 13.639600 0.016109 0.017497 0.999717 -1.292300 0.000000 0.000000 0.000000 1.000000
0.999479 -0.026643 -0.018223 0.000000 0.026358 0.999530 -0.015675 13.639600 0.018632 0.015186 0.999711 -1.292300 0.000000 0.000000 0.000000 1.000000
0.999431 -0.025368 -0.022213 0.000000 0.025081 0.999600 -0.013071 13.639600 0.022536 0.012506 0.999668 -1.292300 0.000000 0.000000 0.000000 1.000000
0.999383 -0.024735 -0.024948 -0.000000 0.024469 0.999641 -0.010918 13.639600 0.025209 0.010301 0.999629 -1.292300 0.000000 0.000000 0.000000 1.000000
0.999404 -0.025126 -0.023658 0.000000 0.024879 0.999633 -0.010694 13.639600 0.023918 0.010099 0.999663 -1.292300 0.000000 0.000000 0.000000 1.000000
0.999540 -0.023304 -0.019392 0.000000 0.023061 0.999654 -0.012691 13.639600 0.019681 0.012238 0.999731 -1.292300 0.000000 0.000000 0.000000 1.000000
0.999723 -0.018804 -0.014177 0.000000 0.018579 0.999702 -0.015828 13.639600 0.014471 0.015560 0.999774 -1.292300 0.000000 0.000000 0.000000 1.000000
0.999867 -0.013950 -0.008452 0.000000 0.013795 0.999741 -0.018124 13.639600 0.008703 0.018005 0.999800 -1.292300 0.000000 0.000000 0.000000 1.000000
0.999927 -0.011414 -0.004075 0.000000 0.011329 0.999729 -0.020339 13.639600 0.004306 0.020292 0.999785 -1.292300 0.000000 0.000000 0.000000 1.000000
0.999949 -0.009788 -0.002469 -0.000000 0.009727 0.999675 -0.023562 13.639600 0.002699 0.023537 0.999719 -1.292300 0.000000 0.000000 0.000000 1.000000
0.999980 -0.006269 -0.000908 0.000000 0.006243 0.999632 -0.026407 13.639600 0.001073 0.026401 0.999651 -1.292300 0.000000 0.000000 0.000000 1.000000
0.999992 -0.002695 0.002990 0.000000 0.002779 0.999590 -0.028486 13.639600 -0.002912 0.028494 0.999590 -1.292300 0.000000 0.000000 0.000000 1.000000
0.999991 -0.000519 0.004325 0.000000 0.000650 0.999538 -0.030378 13.639600 -0.004308 0.030380 0.999529 -1.292300 0.000000 0.000000 0.000000 1.000000
0.999999 0.001135 0.000573 0.000000 -0.001116 0.999506 -0.031398 13.639600 -0.000608 0.031397 0.999507 -1.292300 0.000000 0.000000 0.000000 1.000000
0.999993 0.001694 -0.003299 0.000000 -0.001794 0.999533 -0.030516 13.639600 0.003246 0.030521 0.999529 -1.292300 0.000000 0.000000 0.000000 1.000000
0.999998 0.001074 -0.001578 0.000000 -0.001118 0.999594 -0.028465 13.639600 0.001547 0.028467 0.999594 -1.292300 0.000000 0.000000 0.000000 1.000000
0.999968 -0.005156 0.006153 -0.000000 0.005319 0.999627 -0.026778 13.639600 -0.006013 0.026810 0.999622 -1.292300 0.000000 0.000000 0.000000 1.000000
0.999828 -0.015288 0.010485 0.000000 0.015544 0.999573 -0.024750 13.639600 -0.010102 0.024909 0.999639 -1.292300 0.000000 0.000000 0.000000 1.000000
0.999689 -0.023505 0.008295 0.000000 0.023678 0.999490 -0.021410 13.639600 -0.007788 0.021599 0.999736 -1.292300 0.000000 0.000000 0.000000 1.000000
0.999611 -0.027151 0.006310 0.000000 0.027271 0.999435 -0.019651 13.639600 -0.005773 0.019815 0.999787 -1.292300 0.000000 0.000000 0.000000 1.000000</float_array><technique_common><accessor source="#arissa_Spine2-Matrix-animation-output-transform-array" count="29" stride="16"><param type="float4x4"/></accessor></technique_common></source><source id="arissa_Spine2-Interpolations"><Name_array id="arissa_Spine2-Interpolations-array" count="29">
 LINEAR LINEAR LINEAR LINEAR LINEAR LINEAR LINEAR LINEAR LINEAR LINEAR LINEAR
LINEAR LINEAR LINEAR LINEAR LINEAR LINEAR LINEAR LINEAR LINEAR LINEAR LINEAR LINEAR
LINEAR LINEAR LINEAR LINEAR LINEAR LINEAR</Name_array><technique_common><accessor source="#arissa_Spine2-Interpolations-array" count="29"><param type="name"/></accessor></technique_common></source><sampler id="arissa_Spine2-Matrix-animation-transform"><input semantic="INPUT" source="#arissa_Spine2-Matrix-animation-input"/><input semantic="OUTPUT" source="#arissa_Spine2-Matrix-animation-output-transform"/><input semantic="INTERPOLATION" source="#arissa_Spine2-Interpolations"/></sampler><channel source="#arissa_Spine2-Matrix-animation-transform" target="arissa_Spine2/matrix"/></animation>
    <animation id="arissa_Neck-anim" name="arissa_Neck"><source id="arissa_Neck-Matrix-animation-input"><float_array id="arissa_Neck-Matrix-animation-input-array" count="29">

0.000000 0.033333 0.066667 0.100000 0.133333 0.166667 0.200000 0.233333 0.266667 0.300000 0.333333 0.366667 0.400000 0.433333 0.466667 0.500000
0.533333 0.566667 0.600000 0.633333 0.666667 0.700000 0.733333 0.766667 0.800000 0.833333 0.866667 0.900000 0.933333</float_array><technique_common><accessor source="#arissa_Neck-Matrix-animation-input-array" count="29"><param name="TIME" type="float"/></accessor></technique_common></source><source id="arissa_Neck-Matrix-animation-output-transform"><float_array id="arissa_Neck-Matrix-animation-output-transform-array" count="464">

0.999968 -0.007936 -0.001378 0.000000 0.007762 0.995152 -0.098040 13.877400 0.002150 0.098026 0.995182 -4.354200 0.000000 0.000000 0.000000 1.000000
0.999826 -0.013753 -0.012567 0.000000 0.012485 0.995305 -0.095980 13.877400 0.013828 0.095807 0.995304 -4.354200 0.000000 0.000000 0.000000 1.000000
0.999126 -0.023637 -0.034485 0.000000 0.020119 0.994881 -0.099032 13.877400 0.036649 0.098252 0.994486 -4.354200 0.000000 0.000000 0.000000 1.000000
0.997432 -0.035069 -0.062443 0.000000 0.028238 0.993847 -0.107105 13.877400 0.065815 0.105066 0.992285 -4.354200 0.000000 0.000000 0.000000 1.000000
0.994654 -0.046043 -0.092427 0.000000 0.034994 0.992422 -0.117787 13.877400 0.097150 0.113923 0.988728 -4.354200 0.000000 0.000000 0.000000 1.000000
0.991266 -0.054303 -0.120181 0.000000 0.038738 0.990984 -0.128255 13.877400 0.126063 0.122479 0.984432 -4.354200 0.000000 0.000000 0.000000 1.000000
0.988205 -0.059309 -0.141182 0.000000 0.039894 0.989826 -0.136574 13.877400 0.147846 0.129331 0.980518 -4.354200 0.000000 0.000000 0.000000 1.000000
0.986460 -0.061378 -0.152086 0.000000 0.039780 0.989183 -0.141188 13.877400 0.159107 0.133227 0.978231 -4.354200 0.000000 0.000000 0.000000 1.000000
0.985442 -0.062456 -0.158123 0.000000 0.039700 0.988900 -0.143182 13.877400 0.165310 0.134820 0.976983 -4.354200 0.000000 0.000000 0.000000 1.000000
0.985081 -0.063193 -0.160071 0.000000 0.040118 0.988839 -0.143487 13.877400 0.167352 0.134924 0.976621 -4.354200 0.000000 0.000000 0.000000 1.000000
0.985346 -0.063356 -0.158366 0.000000 0.040493 0.988801 -0.143639 13.877400 0.165692 0.135121 0.976877 -4.354200 0.000000 0.000000 0.000000 1.000000
0.986008 -0.062910 -0.154374 0.000000 0.040451 0.988672 -0.144538 13.877400 0.161718 0.136271 0.977383 -4.354200 0.000000 0.000000 0.000000 1.000000
0.986837 -0.062316 -0.149228 0.000000 0.040509 0.988610 -0.144948 13.877400 0.156561 0.136995 0.978121 -4.354200 0.000000 0.000000 0.000000 1.000000
0.987871 -0.060415 -0.143039 0.000000 0.039788 0.988936 -0.142909 13.877400 0.150090 0.135485 0.979345 -4.354200 0.000000 0.000000 0.000000 1.000000
0.989250 -0.055081 -0.135463 0.000000 0.036092 0.989657 -0.138839 13.877400 0.141710 0.132458 0.981006 -4.354200 0.000000 0.000000 0.000000 1.000000
0.990836 -0.048517 -0.126057 0.000000 0.031297 0.990330 -0.135154 13.877400 0.131395 0.129971 0.982773 -4.354200 0.000000 0.000000 0.000000 1.000000
0.992427 -0.044358 -0.114550 0.000000 0.028939 0.990704 -0.132921 13.877400 0.119381 0.128599 0.984485 -4.354200 0.000000 0.000000 0.000000 1.000000
0.993987 -0.040875 -0.101580 0.000000 0.027475 0.991136 -0.129980 13.877400 0.105992 0.126407 0.986300 -4.354200 0.000000 0.000000 0.000000 1.000000
0.995480 -0.035186 -0.088215 0.000000 0.023979 0.991864 -0.125025 13.877400 0.091897 0.122345 0.988224 -4.354200 0.000000 0.000000 0.000000 1.000000
0.996813 -0.027446 -0.074909 0.000000 0.018392 0.992726 -0.118979 13.877400 0.077629 0.117222 0.990067 -4.354200 0.000000 0.000000 0.000000 1.000000
0.997889 -0.019636 -0.061905 0.000000 0.012575 0.993577 -0.112459 13.877400 0.063715 0.111443 0.991726 -4.354200 0.000000 0.000000 0.000000 1.000000
0.998692 -0.012463 -0.049579 -0.000000 0.007140 0.994327 -0.106125 13.877400 0.050620 0.105632 0.993116 -4.354200 0.000000 0.000000 0.000000 1.000000
0.999249 -0.006330 -0.038238 0.000000 0.002413 0.994821 -0.101612 13.877400 0.038683 0.101443 0.994089 -4.354200 0.000000 0.000000 0.000000 1.000000
0.999603 -0.001944 -0.028092 -0.000000 -0.000856 0.995053 -0.099340 13.877400 0.028146 0.099325 0.994657 -4.354200 0.000000 0.000000 0.000000 1.000000
0.999813 0.000756 -0.019348 0.000000 -0.002653 0.995162 -0.098215 13.877400 0.019181 0.098248 0.994977 -4.354200 0.000000 0.000000 0.000000 1.000000
0.999923 0.001222 -0.012310 -0.000000 -0.002426 0.995161 -0.098229 13.877400 0.012130 0.098251 0.995088 -4.354200 0.000000 0.000000 0.000000 1.000000
0.999972 -0.001236 -0.007366 0.000000 0.000502 0.995099 -0.098882 13.877400 0.007452 0.098876 0.995072 -4.354200 0.000000 0.000000 0.000000 1.000000
0.999979 -0.005586 -0.003234 -0.000000 0.005241 0.995130 -0.098427 13.877400 0.003768 0.098408 0.995139 -4.354200 0.000000 0.000000 0.000000 1.000000
0.999968 -0.007936 -0.001378 -0.000000 0.007762 0.995152 -0.098040 13.877400 0.002149 0.098026 0.995182 -4.354200 0.000000 0.000000 0.000000 1.000000</float_array><technique_common><accessor source="#arissa_Neck-Matrix-animation-output-transform-array" count="29" stride="16"><param type="float4x4"/></accessor></technique_common></source><source id="arissa_Neck-Interpolations"><Name_array id="arissa_Neck-Interpolations-array" count="29">
 LINEAR LINEAR LINEAR LINEAR LINEAR LINEAR LINEAR LINEAR LINEAR LINEAR LINEAR
LINEAR LINEAR LINEAR LINEAR LINEAR LINEAR LINEAR LINEAR LINEAR LINEAR LINEAR LINEAR
LINEAR LINEAR LINEAR LINEAR LINEAR LINEAR</Name_array><technique_common><accessor source="#arissa_Neck-Interpolations-array" count="29"><param type="name"/></accessor></technique_common></source><sampler id="arissa_Neck-Matrix-animation-transform"><input semantic="INPUT" source="#arissa_Neck-Matrix-animation-input"/><input semantic="OUTPUT" source="#arissa_Neck-Matrix-animation-output-transform"/><input semantic="INTERPOLATION" source="#arissa_Neck-Interpolations"/></sampler><channel source="#arissa_Neck-Matrix-animation-transform" target="arissa_Neck/matrix"/></animation>
    <animation id="arissa_Neck1-anim" name="arissa_Neck1"><source id="arissa_Neck1-Matrix-animation-input"><float_array id="arissa_Neck1-Matrix-animation-input-array" count="29">

0.000000 0.033333 0.066667 0.100000 0.133333 0.166667 0.200000 0.233333 0.266667 0.300000 0.333333 0.366667 0.400000 0.433333 0.466667 0.500000
0.533333 0.566667 0.600000 0.633333 0.666667 0.700000 0.733333 0.766667 0.800000 0.833333 0.866667 0.900000 0.933333</float_array><technique_common><accessor source="#arissa_Neck1-Matrix-animation-input-array" count="29"><param name="TIME" type="float"/></accessor></technique_common></source><source id="arissa_Neck1-Matrix-animation-output-transform"><float_array id="arissa_Neck1-Matrix-animation-output-transform-array" count="464">

1.000000 0.000000 0.000000 -0.000000 0.000000 1.000000 -0.000000 4.340000 -0.000000 -0.000000 1.000000 0.926900 0.000000 0.000000 0.000000 1.000000
1.000000 -0.000000 0.000000 0.000000 -0.000000 1.000000 -0.000000 4.340000 -0.000000 0.000000 1.000000 0.926900 0.000000 0.000000 0.000000 1.000000
1.000000 0.000000 0.000000 0.000000 -0.000000 1.000000 0.000000 4.340000 0.000000 0.000000 1.000000 0.926900 0.000000 0.000000 0.000000 1.000000
1.000000 0.000000 0.000000 -0.000000 -0.000000 1.000000 0.000000 4.340000 0.000000 0.000000 1.000000 0.926900 0.000000 0.000000 0.000000 1.000000
1.000000 -0.000000 0.000000 0.000000 -0.000000 1.000000 -0.000000 4.340000 0.000000 0.000000 1.000000 0.926900 0.000000 0.000000 0.000000 1.000000
1.000000 0.000000 0.000000 -0.000000 -0.000000 1.000000 0.000000 4.340000 0.000000 -0.000000 1.000000 0.926900 0.000000 0.000000 0.000000 1.000000
1.000000 -0.000000 -0.000000 -0.000000 -0.000000 1.000000 0.000000 4.340000 0.000000 -0.000000 1.000000 0.926900 0.000000 0.000000 0.000000 1.000000
1.000000 0.000000 0.000000 -0.000000 0.000000 1.000000 0.000000 4.340000 0.000000 -0.000000 1.000000 0.926900 0.000000 0.000000 0.000000 1.000000
1.000000 0.000000 -0.000000 0.000000 0.000000 1.000000 0.000000 4.340000 -0.000000 0.000000 1.000000 0.926900 0.000000 0.000000 0.000000 1.000000
1.000000 0.000000 0.000000 -0.000000 0.000000 1.000000 0.000000 4.340000 0.000000 -0.000000 1.000000 0.926900 0.000000 0.000000 0.000000 1.000000
1.000000 0.000000 0.000000 0.000000 -0.000000 1.000000 -0.000000 4.340000 -0.000000 -0.000000 1.000000 0.926900 0.000000 0.000000 0.000000 1.000000
1.000000 0.000000 -0.000000 -0.000000 -0.000000 1.000000 0.000000 4.340000 -0.000000 0.000000 1.000000 0.926900 0.000000 0.000000 0.000000 1.000000
1.000000 0.000000 0.000000 0.000000 0.000000 1.000000 0.000000 4.340000 -0.000000 0.000000 1.000000 0.926900 0.000000 0.000000 0.000000 1.000000
1.000000 -0.000000 -0.000000 0.000000 0.000000 1.000000 0.000000 4.340000 -0.000000 -0.000000 1.000000 0.926900 0.000000 0.000000 0.000000 1.000000
1.000000 0.000000 -0.000000 -0.000000 -0.000000 1.000000 0.000000 4.340000 -0.000000 0.000000 1.000000 0.926900 0.000000 0.000000 0.000000 1.000000
1.000000 0.000000 0.000000 -0.000000 0.000000 1.000000 0.000000 4.340000 0.000000 -0.000000 1.000000 0.926900 0.000000 0.000000 0.000000 1.000000
1.000000 -0.000000 0.000000 -0.000000 0.000000 1.000000 -0.000000 4.340000 0.000000 0.000000 1.000000 0.926900 0.000000 0.000000 0.000000 1.000000
1.000000 0.000000 0.000000 -0.000000 -0.000000 1.000000 -0.000000 4.340000 0.000000 0.000000 1.000000 0.926900 0.000000 0.000000 0.000000 1.000000
1.000000 -0.000000 -0.000000 0.000000 0.000000 1.000000 0.000000 4.340000 0.000000 -0.000000 1.000000 0.926900 0.000000 0.000000 0.000000 1.000000
1.000000 -0.000000 -0.000000 -0.000000 -0.000000 1.000000 0.000000 4.340000 0.000000 0.000000 1.000000 0.926900 0.000000 0.000000 0.000000 1.000000
1.000000 0.000000 0.000000 0.000000 0.000000 1.000000 -0.000000 4.340000 0.000000 0.000000 1.000000 0.926900 0.000000 0.000000 0.000000 1.000000
1.000000 0.000000 0.000000 0.000000 -0.000000 1.000000 -0.000000 4.340000 -0.000000 0.000000 1.000000 0.926900 0.000000 0.000000 0.000000 1.000000
1.000000 0.000000 0.000000 0.000000 0.000000 1.000000 0.000000 4.340000 -0.000000 0.000000 1.000000 0.926900 0.000000 0.000000 0.000000 1.000000
1.000000 0.000000 0.000000 -0.000000 0.000000 1.000000 0.000000 4.340000 0.000000 -0.000000 1.000000 0.926900 0.000000 0.000000 0.000000 1.000000
1.000000 -0.000000 0.000000 0.000000 0.000000 1.000000 -0.000000 4.340000 0.000000 -0.000000 1.000000 0.926900 0.000000 0.000000 0.000000 1.000000
1.000000 0.000000 0.000000 -0.000000 -0.000000 1.000000 0.000000 4.340000 0.000000 0.000000 1.000000 0.926900 0.000000 0.000000 0.000000 1.000000
1.000000 -0.000000 0.000000 -0.000000 -0.000000 1.000000 -0.000000 4.340000 0.000000 -0.000000 1.000000 0.926900 0.000000 0.000000 0.000000 1.000000
1.000000 0.000000 0.000000 -0.000000 0.000000 1.000000 0.000000 4.340000 -0.000000 -0.000000 1.000000 0.926900 0.000000 0.000000 0.000000 1.000000
1.000000 -0.000000 -0.000000 -0.000000 0.000000 1.000000 -0.000000 4.340000 0.000000 -0.000000 1.000000 0.926900 0.000000 0.000000 0.000000 1.000000</float_array><technique_common><accessor source="#arissa_Neck1-Matrix-animation-output-transform-array" count="29" stride="16"><param type="float4x4"/></accessor></technique_common></source><source id="arissa_Neck1-Interpolations"><Name_array id="arissa_Neck1-Interpolations-array" count="29">
 LINEAR LINEAR LINEAR LINEAR LINEAR LINEAR LINEAR LINEAR LINEAR LINEAR LINEAR
LINEAR LINEAR LINEAR LINEAR LINEAR LINEAR LINEAR LINEAR LINEAR LINEAR LINEAR LINEAR
LINEAR LINEAR LINEAR LINEAR LINEAR LINEAR</Name_array><technique_common><accessor source="#arissa_Neck1-Interpolations-array" count="29"><param type="name"/></accessor></technique_common></source><sampler id="arissa_Neck1-Matrix-animation-transform"><input semantic="INPUT" source="#arissa_Neck1-Matrix-animation-input"/><input semantic="OUTPUT" source="#arissa_Neck1-Matrix-animation-output-transform"/><input semantic="INTERPOLATION" source="#arissa_Neck1-Interpolations"/></sampler><channel source="#arissa_Neck1-Matrix-animation-transform" target="arissa_Neck1/matrix"/></animation>
    <animation id="arissa_Head-anim" name="arissa_Head"><source id="arissa_Head-Matrix-animation-input"><float_array id="arissa_Head-Matrix-animation-input-array" count="29">

0.000000 0.033333 0.066667 0.100000 0.133333 0.166667 0.200000 0.233333 0.266667 0.300000 0.333333 0.366667 0.400000 0.433333 0.466667 0.500000
0.533333 0.566667 0.600000 0.633333 0.666667 0.700000 0.733333 0.766667 0.800000 0.833333 0.866667 0.900000 0.933333</float_array><technique_common><accessor source="#arissa_Head-Matrix-animation-input-array" count="29"><param name="TIME" type="float"/></accessor></technique_common></source><source id="arissa_Head-Matrix-animation-output-transform"><float_array id="arissa_Head-Matrix-animation-output-transform-array" count="464">

0.999711 0.001406 0.024009 0.000000 -0.004554 0.991295 0.131584 4.026600 -0.023615 -0.131656 0.991014 0.858500 0.000000 0.000000 0.000000 1.000000
0.999888 -0.007847 -0.012751 0.000000 0.009530 0.990415 0.137798 4.026600 0.011547 -0.137904 0.990378 0.858500 0.000000 0.000000 0.000000 1.000000
0.997258 -0.022344 -0.070547 0.000000 0.031691 0.990434 0.134298 4.026600 0.066872 -0.136165 0.988427 0.858500 0.000000 0.000000 0.000000 1.000000
0.989387 -0.039681 -0.139783 -0.000000 0.056901 0.990967 0.121439 4.026600 0.133702 -0.128104 0.982707 0.858500 0.000000 0.000000 0.000000 1.000000
0.975599 -0.056545 -0.212155 0.000000 0.078593 0.992179 0.096972 4.026600 0.205012 -0.111279 0.972413 0.858500 0.000000 0.000000 0.000000 1.000000
0.957218 -0.072721 -0.280082 0.000000 0.094192 0.993497 0.063962 4.026600 0.273609 -0.087607 0.957843 0.858500 0.000000 0.000000 0.000000 1.000000
0.938109 -0.087651 -0.335064 -0.000000 0.104466 0.993999 0.032457 4.026600 0.330208 -0.065451 0.941636 0.858500 0.000000 0.000000 0.000000 1.000000
0.923383 -0.100209 -0.370570 -0.000000 0.112367 0.993602 0.011307 4.026600 0.367066 -0.052081 0.928736 0.858500 0.000000 0.000000 0.000000 1.000000
0.911480 -0.112705 -0.395602 0.000000 0.121292 0.992611 -0.003329 4.026600 0.393055 -0.044949 0.918416 0.858500 0.000000 0.000000 0.000000 1.000000
0.904115 -0.123746 -0.408978 0.000000 0.130256 0.991408 -0.012020 4.026600 0.406951 -0.042404 0.912465 0.858500 0.000000 0.000000 0.000000 1.000000
0.901638 -0.131852 -0.411903 0.000000 0.137430 0.990379 -0.016196 4.026600 0.410076 -0.042005 0.911084 0.858500 0.000000 0.000000 0.000000 1.000000
0.901594 -0.137520 -0.410143 -0.000000 0.142413 0.989630 -0.018764 4.026600 0.408470 -0.041492 0.911828 0.858500 0.000000 0.000000 0.000000 1.000000
0.902232 -0.141021 -0.407541 0.000000 0.145368 0.989166 -0.020458 4.026600 0.406011 -0.040785 0.912958 0.858500 0.000000 0.000000 0.000000 1.000000
0.903404 -0.142861 -0.404291 0.000000 0.147026 0.988912 -0.020908 4.026600 0.402795 -0.040553 0.914391 0.858500 0.000000 0.000000 0.000000 1.000000
