<?xml version="1.0" encoding="utf-8"?>
<COLLADA xmlns="http://www.collada.org/2005/11/COLLADASchema" version="1.4.1">
  <asset><contributor><author>Mixamo</author><authoring_tool>COLLADA Mixamo exporter</authoring_tool><comments></comments></contributor><created>2017-03-27T02:02:33Z</created><modified>2017-03-27T02:02:33Z</modified><revision></revision><title></title><unit meter="0.010000"/><up_axis>Y_UP</up_axis></asset>
  <library_animations>
    <animation id="arissa_Hips-anim" name="arissa_Hips"><source id="arissa_Hips-Matrix-animation-input"><float_array id="arissa_Hips-Matrix-animation-input-array" count="32">

0.000000 0.033333 0.066667 0.100000 0.133333 0.166667 0.200000 0.233333 0.266667 0.300000 0.333333 0.366667 0.400000 0.433333 0.466667 0.500000
0.533333 0.566667 0.600000 0.633333 0.666667 0.700000 0.733333 0.766667 0.800000 0.833333 0.866667 0.900000 0.933333 0.966667 1.000000 1.033333</float_array><technique_common><accessor source="#arissa_Hips-Matrix-animation-input-array" count="32"><param name="TIME" type="float"/></accessor></technique_common></source><source id="arissa_Hips-Matrix-animation-output-transform"><float_array id="arissa_Hips-Matrix-animation-output-transform-array" count="512">

0.999424 -0.005250 0.033532 0.015508 0.006385 0.999407 -0.033836 95.348763 -0.033334 0.034030 0.998865 -0.025963 0.000000 0.000000 0.000000 1.000000
0.999665 -0.008421 0.024464 0.169498 0.009498 0.998975 -0.044247 95.908630 -0.024067 0.044464 0.998721 -0.540277 0.000000 0.000000 0.000000 1.000000
0.999905 -0.002675 0.013553 0.373507 0.003424 0.998452 -0.055515 95.706970 -0.013383 0.055556 0.998366 -1.034735 0.000000 0.000000 0.000000 1.000000
0.999727 0.022295 -0.006975 0.606093 -0.022692 0.997735 -0.063317 94.710907 0.005547 0.063458 0.997969 -1.358627 0.000000 0.000000 0.000000 1.000000
0.998302 0.047299 -0.034011 0.814509 -0.049467 0.996591 -0.066029 93.150871 0.030772 0.067599 0.997238 -1.381893 0.000000 0.000000 0.000000 1.000000
0.996943 0.056818 -0.053622 1.068790 -0.060456 0.995793 -0.068856 91.479546 0.049484 0.071888 0.996184 -1.317621 0.000000 0.000000 0.000000 1.000000
0.996433 0.054800 -0.064178 1.409693 -0.059218 0.995851 -0.069089 90.166023 0.060126 0.072643 0.995544 -1.286496 0.000000 0.000000 0.000000 1.000000
0.997356 0.041309 -0.059779 1.865588 -0.044480 0.997618 -0.052719 89.195747 0.057459 0.055239 0.996819 -0.618416 0.000000 0.000000 0.000000 1.000000
0.998248 0.032590 -0.049377 2.512255 -0.034575 0.998605 -0.039907 88.724518 0.048008 0.041545 0.997983 0.667596 0.000000 0.000000 0.000000 1.000000
0.998934 0.025527 -0.038458 3.230032 -0.026626 0.999244 -0.028322 88.520729 0.037706 0.029316 0.998859 1.769610 0.000000 0.000000 0.000000 1.000000
0.999444 0.019579 -0.026997 3.886684 -0.020069 0.999636 -0.018006 88.457344 0.026634 0.018538 0.999473 2.407732 0.000000 0.000000 0.000000 1.000000
0.999796 0.013869 -0.014704 4.490843 -0.014003 0.999861 -0.008996 88.682831 0.014577 0.009200 0.999851 2.617400 0.000000 0.000000 0.000000 1.000000
0.999959 0.008918 -0.001647 4.939648 -0.008921 0.999959 -0.001307 89.359276 0.001635 0.001322 0.999998 2.514964 0.000000 0.000000 0.000000 1.000000
0.999916 0.004777 0.012019 5.097918 -0.004838 0.999976 0.005051 90.595940 -0.011995 -0.005109 0.999915 2.198133 0.000000 0.000000 0.000000 1.000000
0.999661 0.000844 0.026017 4.994812 -0.001107 0.999949 0.010079 92.025444 -0.026007 -0.010104 0.999611 1.770095 0.000000 0.000000 0.000000 1.000000
0.999191 -0.003187 0.040102 4.691115 0.002636 0.999901 0.013788 93.244537 -0.040142 -0.013671 0.999100 1.491027 0.000000 0.000000 0.000000 1.000000
0.998514 -0.007289 0.054001 4.398403 0.006552 0.999883 0.013805 94.214195 -0.054095 -0.013430 0.998445 1.333360 0.000000 0.000000 0.000000 1.000000
0.997695 -0.011292 0.066912 4.135840 0.010684 0.999898 0.009436 94.629181 -0.067012 -0.008699 0.997714 1.123430 0.000000 0.000000 0.000000 1.000000
0.996767 -0.015942 0.078746 3.846503 0.016021 0.999872 -0.000375 94.408066 -0.078730 0.001636 0.996895 0.906949 0.000000 0.000000 0.000000 1.000000
0.994786 -0.033634 0.096277 3.482232 0.035044 0.999301 -0.012993 93.741844 -0.095773 0.016299 0.995270 0.895888 0.000000 0.000000 0.000000 1.000000
0.992043 -0.049611 0.115715 3.103722 0.053033 0.998236 -0.026676 92.569824 -0.114187 0.032600 0.992924 1.073912 0.000000 0.000000 0.000000 1.000000
0.990181 -0.057708 0.127322 2.717358 0.063557 0.997078 -0.042367 91.285934 -0.124505 0.050044 0.990956 1.100341 0.000000 0.000000 0.000000 1.000000
0.990328 -0.053388 0.128066 2.186192 0.059581 0.997208 -0.045025 89.999962 -0.125304 0.052219 0.990743 1.405306 0.000000 0.000000 0.000000 1.000000
0.992582 -0.033166 0.116966 1.526472 0.036999 0.998842 -0.030747 89.067810 -0.115810 0.034847 0.992660 2.251273 0.000000 0.000000 0.000000 1.000000
0.994307 -0.020167 0.104632 0.842089 0.023043 0.999387 -0.026355 88.628014 -0.104036 0.028616 0.994162 3.167381 0.000000 0.000000 0.000000 1.000000
0.995576 -0.011916 0.093203 0.173160 0.014330 0.999578 -0.025272 88.484856 -0.092862 0.026496 0.995326 3.738920 0.000000 0.000000 0.000000 1.000000
0.996586 -0.007111 0.082256 -0.515315 0.009343 0.999598 -0.026780 88.900536 -0.082032 0.027457 0.996251 3.852725 0.000000 0.000000 0.000000 1.000000
0.997415 -0.004695 0.071699 -1.021604 0.006846 0.999533 -0.029788 89.727577 -0.071526 0.030202 0.996981 3.298658 0.000000 0.000000 0.000000 1.000000
0.998098 -0.004352 0.061496 -1.117244 0.006401 0.999429 -0.033169 91.002525 -0.061317 0.033500 0.997556 2.506536 0.000000 0.000000 0.000000 1.000000
0.998652 -0.005011 0.051658 -0.837479 0.006865 0.999337 -0.035765 92.566086 -0.051445 0.036072 0.998024 1.763589 0.000000 0.000000 0.000000 1.000000
0.999089 -0.005608 0.042309 -0.394229 0.007151 0.999312 -0.036390 94.114723 -0.042076 0.036660 0.998442 0.918895 0.000000 0.000000 0.000000 1.000000
0.999424 -0.005250 0.033532 0.015508 0.006385 0.999407 -0.033836 95.348763 -0.033334 0.034030 0.998865 -0.025963 0.000000 0.000000 0.000000 1.000000</float_array><technique_common><accessor source="#arissa_Hips-Matrix-animation-output-transform-array" count="32" stride="16"><param type="float4x4"/></accessor></technique_common></source><source id="arissa_Hips-Interpolations"><Name_array id="arissa_Hips-Interpolations-array" count="32">
 LINEAR LINEAR LINEAR LINEAR LINEAR LINEAR LINEAR LINEAR LINEAR LINEAR LINEAR
LINEAR LINEAR LINEAR LINEAR LINEAR LINEAR LINEAR LINEAR LINEAR LINEAR LINEAR LINEAR
LINEAR LINEAR LINEAR LINEAR LINEAR LINEAR LINEAR LINEAR LINEAR</Name_array><technique_common><accessor source="#arissa_Hips-Interpolations-array" count="32"><param type="name"/></accessor></technique_common></source><sampler id="arissa_Hips-Matrix-animation-transform"><input semantic="INPUT" source="#arissa_Hips-Matrix-animation-input"/><input semantic="OUTPUT" source="#arissa_Hips-Matrix-animation-output-transform"/><input semantic="INTERPOLATION" source="#arissa_Hips-Interpolations"/></sampler><channel source="#arissa_Hips-Matrix-animation-transform" target="arissa_Hips/matrix"/></animation>
    <animation id="arissa_Spine-anim" name="arissa_Spine"><source id="arissa_Spine-Matrix-animation-input"><float_array id="arissa_Spine-Matrix-animation-input-array" count="32">

0.000000 0.033333 0.066667 0.100000 0.133333 0.166667 0.200000 0.233333 0.266667 0.300000 0.333333 0.366667 0.400000 0.433333 0.466667 0.500000
0.533333 0.566667 0.600000 0.633333 0.666667 0.700000 0.733333 0.766667 0.800000 0.833333 0.866667 0.900000 0.933333 0.966667 1.000000 1.033333</float_array><technique_common><accessor source="#arissa_Spine-Matrix-animation-input-array" count="32"><param name="TIME" type="float"/></accessor></technique_common></source><source id="arissa_Spine-Matrix-animation-output-transform"><float_array id="arissa_Spine-Matrix-animation-output-transform-array" count="512">

0.999711 0.007233 -0.022933 0.000000 -0.009656 0.994174 -0.107349 9.226300 0.022023 0.107540 0.993957 1.577100 0.000000 0.000000 0.000000 1.000000
0.999911 0.011457 -0.006776 0.000000 -0.012081 0.994852 -0.100614 9.226300 0.005588 0.100687 0.994903 1.577100 0.000000 0.000000 0.000000 1.000000
0.999940 0.000278 0.010955 0.000000 0.000742 0.995664 -0.093020 9.226300 -0.010934 0.093022 0.995604 1.577100 0.000000 0.000000 0.000000 1.000000
0.998483 -0.038782 0.039078 0.000000 0.041934 0.995635 -0.083379 9.226300 -0.035673 0.084891 0.995751 1.577100 0.000000 0.000000 0.000000 1.000000
0.995529 -0.070567 0.062794 -0.000000 0.074999 0.994634 -0.071261 9.226300 -0.057429 0.075652 0.995479 1.577100 0.000000 0.000000 0.000000 1.000000
0.994843 -0.074414 0.068921 0.000000 0.078710 0.994976 -0.061866 9.226300 -0.063971 0.066972 0.995702 1.577100 0.000000 0.000000 0.000000 1.000000
0.995439 -0.060665 0.073626 0.000000 0.065255 0.995964 -0.061625 9.226300 -0.069590 0.066149 0.995380 1.577100 0.000000 0.000000 0.000000 1.000000
0.996527 -0.032405 0.076710 0.000000 0.037786 0.996847 -0.069767 9.226300 -0.074207 0.072423 0.994610 1.577100 0.000000 0.000000 0.000000 1.000000
0.997143 -0.011095 0.074714 0.000000 0.015762 0.997941 -0.062170 9.226300 -0.073870 0.063170 0.995265 1.577100 0.000000 0.000000 0.000000 1.000000
0.997561 0.011423 0.068864 -0.000000 -0.007282 0.998166 -0.060091 9.226300 -0.069424 0.059443 0.995815 1.577100 0.000000 0.000000 0.000000 1.000000
0.997469 0.021143 0.067887 -0.000000 -0.016761 0.997778 -0.064482 9.226300 -0.069100 0.063181 0.995607 1.577100 0.000000 0.000000 0.000000 1.000000
0.998246 0.021754 0.055066 0.000000 -0.017871 0.997384 -0.070035 9.226300 -0.056446 0.068928 0.996024 1.577100 0.000000 0.000000 0.000000 1.000000
0.999633 0.016037 0.021829 -0.000000 -0.014323 0.996967 -0.076496 9.226300 -0.022990 0.076155 0.996831 1.577100 0.000000 0.000000 0.000000 1.000000
0.999883 0.009228 -0.012205 -0.000000 -0.010215 0.996462 -0.083426 9.226300 0.011392 0.083541 0.996439 1.577100 0.000000 0.000000 0.000000 1.000000
0.999336 0.006511 -0.035855 0.000000 -0.009652 0.996061 -0.088144 9.226300 0.035140 0.088431 0.995462 1.577100 0.000000 0.000000 0.000000 1.000000
0.998380 0.011681 -0.055694 0.000000 -0.016518 0.996053 -0.087206 9.226300 0.054455 0.087985 0.994632 1.577100 0.000000 0.000000 0.000000 1.000000
0.997028 0.016335 -0.075291 0.000000 -0.022712 0.996153 -0.084640 9.226300 0.073619 0.086099 0.993563 1.577100 0.000000 0.000000 0.000000 1.000000
0.995561 0.019782 -0.092018 0.000000 -0.027769 0.995878 -0.086349 9.226300 0.089930 0.088521 0.992006 1.577100 0.000000 0.000000 0.000000 1.000000
0.994154 0.027244 -0.104480 0.000000 -0.036368 0.995592 -0.086447 9.226300 0.101665 0.089741 0.990763 1.577100 0.000000 0.000000 0.000000 1.000000
0.990999 0.056216 -0.121492 0.000000 -0.066007 0.994756 -0.078123 9.226300 0.116463 0.085439 0.989513 1.577100 0.000000 0.000000 0.000000 1.000000
0.988002 0.079722 -0.132276 0.000000 -0.088783 0.993988 -0.064070 9.226300 0.126373 0.075045 0.989140 1.577100 0.000000 0.000000 0.000000 1.000000
0.988390 0.080665 -0.128758 0.000000 -0.088229 0.994627 -0.054156 9.226300 0.123697 0.064887 0.990196 1.577100 0.000000 0.000000 0.000000 1.000000
0.990657 0.066671 -0.118968 0.000000 -0.074022 0.995541 -0.058472 9.226300 0.114539 0.066732 0.991175 1.577100 0.000000 0.000000 0.000000 1.000000
0.993543 0.035993 -0.107596 0.000000 -0.043993 0.996367 -0.072921 9.226300 0.104581 0.077184 0.991517 1.577100 0.000000 0.000000 0.000000 1.000000
0.993858 0.010764 -0.110140 0.000000 -0.018817 0.997202 -0.072343 9.226300 0.109054 0.073971 0.991280 1.577100 0.000000 0.000000 0.000000 1.000000
0.992571 0.002602 -0.121638 0.000000 -0.010984 0.997606 -0.068283 9.226300 0.121169 0.069112 0.990223 1.577100 0.000000 0.000000 0.000000 1.000000
0.993350 0.005329 -0.115011 0.000000 -0.013007 0.997727 -0.066119 9.226300 0.114398 0.067175 0.991161 1.577100 0.000000 0.000000 0.000000 1.000000
0.996120 0.012335 -0.087136 -0.000000 -0.018790 0.997107 -0.073649 9.226300 0.085976 0.075000 0.993470 1.577100 0.000000 0.000000 0.000000 1.000000
0.998055 0.016637 -0.060079 0.000000 -0.021552 0.996390 -0.082117 9.226300 0.058496 0.083252 0.994810 1.577100 0.000000 0.000000 0.000000 1.000000
0.998964 0.015651 -0.042732 -0.000000 -0.019292 0.996092 -0.086184 9.226300 0.041216 0.086919 0.995362 1.577100 0.000000 0.000000 0.000000 1.000000
0.999437 0.011861 -0.031373 0.000000 -0.014743 0.995529 -0.093304 9.226300 0.030126 0.093714 0.995143 1.577100 0.000000 0.000000 0.000000 1.000000
0.999711 0.007233 -0.022933 0.000000 -0.009656 0.994174 -0.107349 9.226300 0.022023 0.107540 0.993957 1.577100 0.000000 0.000000 0.000000 1.000000</float_array><technique_common><accessor source="#arissa_Spine-Matrix-animation-output-transform-array" count="32" stride="16"><param type="float4x4"/></accessor></technique_common></source><source id="arissa_Spine-Interpolations"><Name_array id="arissa_Spine-Interpolations-array" count="32">
 LINEAR LINEAR LINEAR LINEAR LINEAR LINEAR LINEAR LINEAR LINEAR LINEAR LINEAR
LINEAR LINEAR LINEAR LINEAR LINEAR LINEAR LINEAR LINEAR LINEAR LINEAR LINEAR LINEAR
LINEAR LINEAR LINEAR LINEAR LINEAR LINEAR LINEAR LINEAR LINEAR</Name_array><technique_common><accessor source="#arissa_Spine-Interpolations-array" count="32"><param type="name"/></accessor></technique_common></source><sampler id="arissa_Spine-Matrix-animation-transform"><input semantic="INPUT" source="#arissa_Spine-Matrix-animation-input"/><input semantic="OUTPUT" source="#arissa_Spine-Matrix-animation-output-transform"/><input semantic="INTERPOLATION" source="#arissa_Spine-Interpolations"/></sampler><channel source="#arissa_Spine-Matrix-animation-transform" target="arissa_Spine/matrix"/></animation>
    <animation id="arissa_Spine1-anim" name="arissa_Spine1"><source id="arissa_Spine1-Matrix-animation-input"><float_array id="arissa_Spine1-Matrix-animation-input-array" count="32">

0.000000 0.033333 0.066667 0.100000 0.133333 0.166667 0.200000 0.233333 0.266667 0.300000 0.333333 0.366667 0.400000 0.433333 0.466667 0.500000
0.533333 0.566667 0.600000 0.633333 0.666667 0.700000 0.733333 0.766667 0.800000 0.833333 0.866667 0.900000 0.933333 0.966667 1.000000 1.033333</float_array><technique_common><accessor source="#arissa_Spine1-Matrix-animation-input-array" count="32"><param name="TIME" type="float"/></accessor></technique_common></source><source id="arissa_Spine1-Matrix-animation-output-transform"><float_array id="arissa_Spine1-Matrix-animation-output-transform-array" count="512">

0.998877 -0.021488 -0.042215 -0.000000 0.019647 0.998858 -0.043549 16.254000 0.043103 0.042670 0.998159 -0.165600 0.000000 0.000000 0.000000 1.000000
0.999414 -0.011801 -0.032122 0.000000 0.010546 0.999185 -0.038965 16.254000 0.032556 0.038603 0.998724 -0.165600 0.000000 0.000000 0.000000 1.000000
0.999764 0.000591 -0.021709 0.000000 -0.001354 0.999382 -0.035128 16.254000 0.021675 0.035150 0.999147 -0.165600 0.000000 0.000000 0.000000 1.000000
0.999771 0.018103 -0.011382 0.000000 -0.018481 0.999250 -0.034039 16.254000 0.010758 0.034241 0.999356 -0.165600 0.000000 0.000000 0.000000 1.000000
0.999523 0.030890 0.000516 0.000000 -0.030853 0.998911 -0.034993 16.254000 -0.001597 0.034961 0.999387 -0.165600 0.000000 0.000000 0.000000 1.000000
0.999336 0.033079 0.015279 -0.000000 -0.032528 0.998857 -0.035021 16.254000 -0.016420 0.034501 0.999270 -0.165600 0.000000 0.000000 0.000000 1.000000
0.999084 0.030720 0.029802 0.000000 -0.029658 0.998931 -0.035444 16.254000 -0.030859 0.034528 0.998927 -0.165600 0.000000 0.000000 0.000000 1.000000
0.998768 0.029010 0.040255 0.000000 -0.027522 0.998935 -0.037021 16.254000 -0.041286 0.035867 0.998503 -0.165600 0.000000 0.000000 0.000000 1.000000
0.998661 0.025117 0.045220 -0.000000 -0.023603 0.999153 -0.033702 16.254000 -0.046028 0.032589 0.998408 -0.165600 0.000000 0.000000 0.000000 1.000000
0.998998 0.013644 0.042636 0.000000 -0.012543 0.999584 -0.025982 16.254000 -0.042973 0.025421 0.998753 -0.165600 0.000000 0.000000 0.000000 1.000000
0.999347 0.012356 0.033947 -0.000000 -0.011604 0.999685 -0.022242 16.254000 -0.034211 0.021833 0.999176 -0.165600 0.000000 0.000000 0.000000 1.000000
0.999562 0.012609 0.026772 0.000000 -0.012006 0.999673 -0.022560 16.254000 -0.027048 0.022228 0.999387 -0.165600 0.000000 0.000000 0.000000 1.000000
0.999796 0.009744 0.017680 0.000000 -0.009276 0.999609 -0.026383 16.254000 -0.017930 0.026213 0.999496 -0.165600 0.000000 0.000000 0.000000 1.000000
0.999977 0.006712 0.000963 0.000000 -0.006679 0.999497 -0.030990 16.254000 -0.001171 0.030983 0.999519 -0.165600 0.000000 0.000000 0.000000 1.000000
0.999805 0.004416 -0.019235 0.000000 -0.005055 0.999433 -0.033289 16.254000 0.019077 0.033380 0.999261 -0.165600 0.000000 0.000000 0.000000 1.000000
0.999306 -0.002008 -0.037189 0.000000 0.000730 0.999409 -0.034353 16.254000 0.037236 0.034302 0.998718 -0.165600 0.000000 0.000000 0.000000 1.000000
0.998479 -0.009706 -0.054266 0.000000 0.007775 0.999333 -0.035679 16.254000 0.054576 0.035203 0.997889 -0.165600 0.000000 0.000000 0.000000 1.000000
0.997222 -0.018320 -0.072204 -0.000000 0.015709 0.999208 -0.036565 16.254000 0.072817 0.035330 0.996719 -0.165600 0.000000 0.000000 0.000000 1.000000
0.995594 -0.029975 -0.088847 -0.000000 0.026677 0.998918 -0.038082 16.254000 0.089892 0.035544 0.995317 -0.165600 0.000000 0.000000 0.000000 1.000000
0.993593 -0.046226 -0.103133 -0.000000 0.041965 0.998189 -0.043108 16.254000 0.104939 0.038503 0.993733 -0.165600 0.000000 0.000000 0.000000 1.000000
0.991398 -0.057175 -0.117730 0.000000 0.051915 0.997532 -0.047274 16.254000 0.120142 0.040756 0.991920 -0.165600 0.000000 0.000000 0.000000 1.000000
0.989758 -0.056947 -0.130909 -0.000000 0.051333 0.997627 -0.045877 16.254000 0.133210 0.038687 0.990332 -0.165600 0.000000 0.000000 0.000000 1.000000
0.988911 -0.054690 -0.138076 0.000000 0.048865 0.997781 -0.045235 16.254000 0.140243 0.037986 0.989388 -0.165600 0.000000 0.000000 0.000000 1.000000
0.988725 -0.053723 -0.139775 0.000000 0.047624 0.997777 -0.046619 16.254000 0.141969 0.039437 0.989085 -0.165600 0.000000 0.000000 0.000000 1.000000
0.989519 -0.047128 -0.136493 0.000000 0.041672 0.998225 -0.042557 16.254000 0.138256 0.036423 0.989727 -0.165600 0.000000 0.000000 0.000000 1.000000
0.990498 -0.049641 -0.128253 0.000000 0.044612 0.998130 -0.041794 16.254000 0.130088 0.035675 0.990860 -0.165600 0.000000 0.000000 0.000000 1.000000
0.991362 -0.049138 -0.121601 0.000000 0.044488 0.998182 -0.040666 16.254000 0.123378 0.034905 0.991746 -0.165600 0.000000 0.000000 0.000000 1.000000
0.992642 -0.045919 -0.112041 0.000000 0.041523 0.998285 -0.041268 16.254000 0.113744 0.036312 0.992846 -0.165600 0.000000 0.000000 0.000000 1.000000
0.994686 -0.041358 -0.094283 0.000000 0.037313 0.998323 -0.044271 16.254000 0.095955 0.040517 0.994561 -0.165600 0.000000 0.000000 0.000000 1.000000
0.996778 -0.034783 -0.072281 0.000000 0.031471 0.998424 -0.046463 16.254000 0.073783 0.044039 0.996301 -0.165600 0.000000 0.000000 0.000000 1.000000
0.998163 -0.028060 -0.053688 0.000000 0.025601 0.998616 -0.045945 16.254000 0.054903 0.044486 0.997500 -0.165600 0.000000 0.000000 0.000000 1.000000
0.998877 -0.021488 -0.042215 0.000000 0.019647 0.998858 -0.043549 16.254000 0.043103 0.042670 0.998159 -0.165600 0.000000 0.000000 0.000000 1.000000</float_array><technique_common><accessor source="#arissa_Spine1-Matrix-animation-output-transform-array" count="32" stride="16"><param type="float4x4"/></accessor></technique_common></source><source id="arissa_Spine1-Interpolations"><Name_array id="arissa_Spine1-Interpolations-array" count="32">
 LINEAR LINEAR LINEAR LINEAR LINEAR LINEAR LINEAR LINEAR LINEAR LINEAR LINEAR
LINEAR LINEAR LINEAR LINEAR LINEAR LINEAR LINEAR LINEAR LINEAR LINEAR LINEAR LINEAR
LINEAR LINEAR LINEAR LINEAR LINEAR LINEAR LINEAR LINEAR LINEAR</Name_array><technique_common><accessor source="#arissa_Spine1-Interpolations-array" count="32"><param type="name"/></accessor></technique_common></source><sampler id="arissa_Spine1-Matrix-animation-transform"><input semantic="INPUT" source="#arissa_Spine1-Matrix-animation-input"/><input semantic="OUTPUT" source="#arissa_Spine1-Matrix-animation-output-transform"/><input semantic="INTERPOLATION" source="#arissa_Spine1-Interpolations"/></sampler><channel source="#arissa_Spine1-Matrix-animation-transform" target="arissa_Spine1/matrix"/></animation>
    <animation id="arissa_Spine2-anim" name="arissa_Spine2"><source id="arissa_Spine2-Matrix-animation-input"><float_array id="arissa_Spine2-Matrix-animation-input-array" count="32">

0.000000 0.033333 0.066667 0.100000 0.133333 0.166667 0.200000 0.233333 0.266667 0.300000 0.333333 0.366667 0.400000 0.433333 0.466667 0.500000
0.533333 0.566667 0.600000 0.633333 0.666667 0.700000 0.733333 0.766667 0.800000 0.833333 0.866667 0.900000 0.933333 0.966667 1.000000 1.033333</float_array><technique_common><accessor source="#arissa_Spine2-Matrix-animation-input-array" count="32"><param name="TIME" type="float"/></accessor></technique_common></source><source id="arissa_Spine2-Matrix-animation-output-transform"><float_array id="arissa_Spine2-Matrix-animation-output-transform-array" count="512">

0.998867 -0.023401 -0.041444 -0.000000 0.021613 0.998838 -0.043085 13.639600 0.042404 0.042141 0.998211 -1.292300 0.000000 0.000000 0.000000 1.000000
0.999418 -0.013431 -0.031365 -0.000000 0.012214 0.999177 -0.038669 13.639600 0.031859 0.038263 0.998760 -1.292300 0.000000 0.000000 0.000000 1.000000
0.999776 -0.000779 -0.021149 0.000000 0.000041 0.999393 -0.034841 13.639600 0.021164 0.034833 0.999169 -1.292300 0.000000 0.000000 0.000000 1.000000
0.999792 0.017009 -0.011258 0.000000 -0.017376 0.999292 -0.033378 13.639600 0.010682 0.033567 0.999379 -1.292300 0.000000 0.000000 0.000000 1.000000
0.999544 0.030189 0.000256 0.000000 -0.030163 0.998976 -0.033708 13.639600 -0.001273 0.033685 0.999432 -1.292300 0.000000 0.000000 0.000000 1.000000
0.999353 0.032757 0.014879 -0.000000 -0.032242 0.998914 -0.033624 13.639600 -0.015964 0.033122 0.999324 -1.292300 0.000000 0.000000 0.000000 1.000000
0.999094 0.030832 0.029330 -0.000000 -0.029818 0.998963 -0.034405 13.639600 -0.030360 0.033499 0.998978 -1.292300 0.000000 0.000000 0.000000 1.000000
0.998769 0.029660 0.039760 0.000000 -0.028227 0.998949 -0.036122 13.639600 -0.040789 0.034955 0.998556 -1.292300 0.000000 0.000000 0.000000 1.000000
0.998654 0.025633 0.045086 -0.000000 -0.024162 0.999167 -0.032878 13.639600 -0.045892 0.031745 0.998442 -1.292300 0.000000 0.000000 0.000000 1.000000
0.998979 0.013355 0.043159 -0.000000 -0.012251 0.999594 -0.025736 13.639600 -0.043485 0.025181 0.998737 -1.292300 0.000000 0.000000 0.000000 1.000000
0.999329 0.011580 0.034734 -0.000000 -0.010831 0.999706 -0.021680 13.639600 -0.034975 0.021289 0.999161 -1.292300 0.000000 0.000000 0.000000 1.000000
0.999546 0.011925 0.027669 -0.000000 -0.011325 0.999700 -0.021731 13.639600 -0.027920 0.021408 0.999381 -1.292300 0.000000 0.000000 0.000000 1.000000
0.999783 0.009376 0.018587 0.000000 -0.008897 0.999631 -0.025683 13.639600 -0.018821 0.025512 0.999497 -1.292300 0.000000 0.000000 0.000000 1.000000
0.999978 0.006323 0.001806 0.000000 -0.006265 0.999512 -0.030605 13.639600 -0.001998 0.030593 0.999530 -1.292300 0.000000 0.000000 0.000000 1.000000
0.999823 0.003632 -0.018466 0.000000 -0.004245 0.999439 -0.033235 13.639600 0.018335 0.033307 0.999277 -1.292300 0.000000 0.000000 0.000000 1.000000
0.999331 -0.003280 -0.036437 0.000000 0.002027 0.999407 -0.034371 13.639600 0.036528 0.034274 0.998745 -1.292300 0.000000 0.000000 0.000000 1.000000
0.998501 -0.011511 -0.053513 0.000000 0.009618 0.999324 -0.035497 13.639600 0.053885 0.034929 0.997936 -1.292300 0.000000 0.000000 0.000000 1.000000
0.997233 -0.020574 -0.071430 0.000000 0.018032 0.999187 -0.036047 13.639600 0.072114 0.034660 0.996794 -1.292300 0.000000 0.000000 0.000000 1.000000
0.995594 -0.032564 -0.087934 -0.000000 0.029420 0.998889 -0.036822 13.639600 0.089036 0.034073 0.995445 -1.292300 0.000000 0.000000 0.000000 1.000000
0.993575 -0.049389 -0.101828 0.000000 0.045488 0.998152 -0.040284 13.639600 0.103629 0.035394 0.993986 -1.292300 0.000000 0.000000 0.000000 1.000000
0.991372 -0.060924 -0.116056 0.000000 0.056202 0.997470 -0.043541 13.639600 0.118415 0.036642 0.992288 -1.292300 0.000000 0.000000 0.000000 1.000000
0.989750 -0.060705 -0.129267 0.000000 0.055591 0.997535 -0.042811 13.639600 0.131548 0.035186 0.990685 -1.292300 0.000000 0.000000 0.000000 1.000000
0.988908 -0.058620 -0.136476 0.000000 0.053232 0.997665 -0.042796 13.639600 0.138666 0.035056 0.989719 -1.292300 0.000000 0.000000 0.000000 1.000000
0.988693 -0.058089 -0.138245 0.000000 0.052451 0.997650 -0.044082 13.639600 0.140481 0.036332 0.989417 -1.292300 0.000000 0.000000 0.000000 1.000000
0.989458 -0.051042 -0.135530 0.000000 0.045923 0.998118 -0.040636 13.639600 0.137349 0.033983 0.989940 -1.292300 0.000000 0.000000 0.000000 1.000000
0.990404 -0.053032 -0.127624 0.000000 0.048435 0.998070 -0.038859 13.639600 0.129438 0.032305 0.991061 -1.292300 0.000000 0.000000 0.000000 1.000000
0.991261 -0.052124 -0.121183 0.000000 0.047859 0.998137 -0.037844 13.639600 0.122930 0.031713 0.991908 -1.292300 0.000000 0.000000 0.000000 1.000000
0.992545 -0.048850 -0.111662 0.000000 0.044732 0.998234 -0.039095 13.639600 0.113374 0.033809 0.992977 -1.292300 0.000000 0.000000 0.000000 1.000000
0.994600 -0.044413 -0.093801 0.000000 0.040545 0.998263 -0.042744 13.639600 0.095536 0.038710 0.994673 -1.292300 0.000000 0.000000 0.000000 1.000000
0.996720 -0.037599 -0.071662 -0.000000 0.034382 0.998368 -0.045604 13.639600 0.073260 0.042990 0.996386 -1.292300 0.000000 0.000000 0.000000 1.000000
0.998136 -0.030323 -0.052958 0.000000 0.027923 0.998575 -0.045487 13.639600 0.054261 0.043923 0.997560 -1.292300 0.000000 0.000000 0.000000 1.000000
0.998867 -0.023401 -0.041444 0.000000 0.021613 0.998838 -0.043085 13.639600 0.042404 0.042141 0.998211 -1.292300 0.000000 0.000000 0.000000 1.000000</float_array><technique_common><accessor source="#arissa_Spine2-Matrix-animation-output-transform-array" count="32" stride="16"><param type="float4x4"/></accessor></technique_common></source><source id="arissa_Spine2-Interpolations"><Name_array id="arissa_Spine2-Interpolations-array" count="32">
 LINEAR LINEAR LINEAR LINEAR LINEAR LINEAR LINEAR LINEAR LINEAR LINEAR LINEAR
LINEAR LINEAR LINEAR LINEAR LINEAR LINEAR LINEAR LINEAR LINEAR LINEAR LINEAR LINEAR
LINEAR LINEAR LINEAR LINEAR LINEAR LINEAR LINEAR LINEAR LINEAR</Name_array><technique_common><accessor source="#arissa_Spine2-Interpolations-array" count="32"><param type="name"/></accessor></technique_common></source><sampler id="arissa_Spine2-Matrix-animation-transform"><input semantic="INPUT" source="#arissa_Spine2-Matrix-animation-input"/><input semantic="OUTPUT" source="#arissa_Spine2-Matrix-animation-output-transform"/><input semantic="INTERPOLATION" source="#arissa_Spine2-Interpolations"/></sampler><channel source="#arissa_Spine2-Matrix-animation-transform" target="arissa_Spine2/matrix"/></animation>
    <animation id="arissa_Neck-anim" name="arissa_Neck"><source id="arissa_Neck-Matrix-animation-input"><float_array id="arissa_Neck-Matrix-animation-input-array" count="32">

0.000000 0.033333 0.066667 0.100000 0.133333 0.166667 0.200000 0.233333 0.266667 0.300000 0.333333 0.366667 0.400000 0.433333 0.466667 0.500000
0.533333 0.566667 0.600000 0.633333 0.666667 0.700000 0.733333 0.766667 0.800000 0.833333 0.866667 0.900000 0.933333 0.966667 1.000000 1.033333</float_array><technique_common><accessor source="#arissa_Neck-Matrix-animation-input-array" count="32"><param name="TIME" type="float"/></accessor></technique_common></source><source id="arissa_Neck-Matrix-animation-output-transform"><float_array id="arissa_Neck-Matrix-animation-output-transform-array" count="512">

0.999301 0.004142 0.037153 0.000000 -0.004454 0.999956 0.008316 13.877400 -0.037116 -0.008475 0.999275 -4.354200 0.000000 0.000000 0.000000 1.000000
0.999438 0.006365 0.032913 0.000000 -0.006617 0.999950 0.007551 13.877400 -0.032863 -0.007765 0.999430 -4.354200 0.000000 0.000000 0.000000 1.000000
0.999623 0.004337 0.027098 0.000000 -0.004586 0.999948 0.009156 13.877400 -0.027057 -0.009277 0.999591 -4.354200 0.000000 0.000000 0.000000 1.000000
0.999795 -0.005905 0.019354 -0.000000 0.005693 0.999924 0.010969 13.877400 -0.019417 -0.010856 0.999753 -4.354200 0.000000 0.000000 0.000000 1.000000
0.999797 -0.016764 0.011221 -0.000000 0.016649 0.999808 0.010325 13.877400 -0.011392 -0.010137 0.999884 -4.354200 0.000000 0.000000 0.000000 1.000000
0.999785 -0.020307 0.004140 0.000000 0.020264 0.999743 0.010132 13.877400 -0.004345 -0.010046 0.999940 -4.354200 0.000000 0.000000 0.000000 1.000000
0.999829 -0.018360 -0.002006 0.000000 0.018384 0.999748 0.012906 13.877400 0.001769 -0.012941 0.999915 -4.354200 0.000000 0.000000 0.000000 1.000000
0.999886 -0.013393 -0.006956 -0.000000 0.013491 0.999807 0.014259 13.877400 0.006763 -0.014351 0.999874 -4.354200 0.000000 0.000000 0.000000 1.000000
0.999964 0.001567 -0.008371 0.000000 -0.001501 0.999967 0.007950 13.877400 0.008384 -0.007937 0.999933 -4.354200 0.000000 0.000000 0.000000 1.000000
0.999611 0.027461 -0.004915 -0.000000 -0.027446 0.999618 0.003197 13.877400 0.005001 -0.003061 0.999983 -4.354200 0.000000 0.000000 0.000000 1.000000
0.999208 0.039796 -0.000710 0.000000 -0.039794 0.999203 0.003221 13.877400 0.000837 -0.003190 0.999995 -4.354200 0.000000 0.000000 0.000000 1.000000
0.998802 0.048724 0.004591 -0.000000 -0.048730 0.998811 0.001124 13.877400 -0.004531 -0.001347 0.999989 -4.354200 0.000000 0.000000 0.000000 1.000000
0.998459 0.054127 0.012274 -0.000000 -0.054133 0.998534 0.000137 13.877400 -0.012249 -0.000801 0.999925 -4.354200 0.000000 0.000000 0.000000 1.000000
0.998561 0.049282 0.021154 -0.000000 -0.049324 0.998782 0.001481 13.877400 -0.021055 -0.002522 0.999775 -4.354200 0.000000 0.000000 0.000000 1.000000
0.998819 0.038413 0.029761 0.000000 -0.038424 0.999262 -0.000213 13.877400 -0.029748 -0.000931 0.999557 -4.354200 0.000000 0.000000 0.000000 1.000000
0.998815 0.030143 0.038206 -0.000000 -0.029933 0.999534 -0.006061 13.877400 -0.038371 0.004911 0.999252 -4.354200 0.000000 0.000000 0.000000 1.000000
0.998633 0.023103 0.046880 0.000000 -0.022591 0.999680 -0.011421 13.877400 -0.047128 0.010346 0.998835 -4.354200 0.000000 0.000000 0.000000 1.000000
0.998264 0.018197 0.056024 -0.000000 -0.017542 0.999772 -0.012154 13.877400 -0.056233 0.011150 0.998355 -4.354200 0.000000 0.000000 0.000000 1.000000
0.997663 0.020207 0.065268 0.000000 -0.019618 0.999761 -0.009654 13.877400 -0.065448 0.008351 0.997821 -4.354200 0.000000 0.000000 0.000000 1.000000
0.996765 0.029845 0.074629 -0.000000 -0.029416 0.999544 -0.006841 13.877400 -0.074799 0.004623 0.997188 -4.354200 0.000000 0.000000 0.000000 1.000000
0.995765 0.039117 0.083199 0.000000 -0.038842 0.999233 -0.004922 13.877400 -0.083328 0.001670 0.996521 -4.354200 0.000000 0.000000 0.000000 1.000000
0.995090 0.042326 0.089465 0.000000 -0.042380 0.999101 -0.001291 13.877400 -0.089439 -0.002507 0.995989 -4.354200 0.000000 0.000000 0.000000 1.000000
0.994896 0.039709 0.092767 0.000000 -0.040282 0.999179 0.004310 13.877400 -0.092520 -0.008025 0.995679 -4.354200 0.000000 0.000000 0.000000 1.000000
0.995083 0.032214 0.093664 0.000000 -0.033105 0.999420 0.007969 13.877400 -0.093353 -0.011031 0.995572 -4.354200 0.000000 0.000000 0.000000 1.000000
0.995793 0.009143 0.091175 0.000000 -0.009484 0.999950 0.003307 13.877400 -0.091140 -0.004158 0.995829 -4.354200 0.000000 0.000000 0.000000 1.000000
0.996140 -0.002765 0.087730 -0.000000 0.002735 0.999996 0.000460 13.877400 -0.087731 -0.000219 0.996144 -4.354200 0.000000 0.000000 0.000000 1.000000
0.996605 -0.014104 0.081115 0.000000 0.014201 0.999899 -0.000622 13.877400 -0.081098 0.001772 0.996705 -4.354200 0.000000 0.000000 0.000000 1.000000
0.997224 -0.023376 0.070695 0.000000 0.023268 0.999726 0.002359 13.877400 -0.070731 -0.000708 0.997495 -4.354200 0.000000 0.000000 0.000000 1.000000
0.997990 -0.023150 0.058997 0.000000 0.022881 0.999724 0.005236 13.877400 -0.059102 -0.003876 0.998244 -4.354200 0.000000 0.000000 0.000000 1.000000
0.998718 -0.014904 0.048378 0.000000 0.014689 0.999881 0.004803 13.877400 -0.048443 -0.004087 0.998818 -4.354200 0.000000 0.000000 0.000000 1.000000
0.999165 -0.004138 0.040648 -0.000000 0.003952 0.999981 0.004654 13.877400 -0.040667 -0.004489 0.999163 -4.354200 0.000000 0.000000 0.000000 1.000000
0.999301 0.004142 0.037153 0.000000 -0.004454 0.999956 0.008316 13.877400 -0.037116 -0.008475 0.999275 -4.354200 0.000000 0.000000 0.000000 1.000000</float_array><technique_common><accessor source="#arissa_Neck-Matrix-animation-output-transform-array" count="32" stride="16"><param type="float4x4"/></accessor></technique_common></source><source id="arissa_Neck-Interpolations"><Name_array id="arissa_Neck-Interpolations-array" count="32">
 LINEAR LINEAR LINEAR LINEAR LINEAR LINEAR LINEAR LINEAR LINEAR LINEAR LINEAR
LINEAR LINEAR LINEAR LINEAR LINEAR LINEAR LINEAR LINEAR LINEAR LINEAR LINEAR LINEAR
LINEAR LINEAR LINEAR LINEAR LINEAR LINEAR LINEAR LINEAR LINEAR</Name_array><technique_common><accessor source="#arissa_Neck-Interpolations-array" count="32"><param type="name"/></accessor></technique_common></source><sampler id="arissa_Neck-Matrix-animation-transform"><input semantic="INPUT" source="#arissa_Neck-Matrix-animation-input"/><input semantic="OUTPUT" source="#arissa_Neck-Matrix-animation-output-transform"/><input semantic="INTERPOLATION" source="#arissa_Neck-Interpolations"/></sampler><channel source="#arissa_Neck-Matrix-animation-transform" target="arissa_Neck/matrix"/></animation>
    <animation id="arissa_Neck1-anim" name="arissa_Neck1"><source id="arissa_Neck1-Matrix-animation-input"><float_array id="arissa_Neck1-Matrix-animation-input-array" count="32">

0.000000 0.033333 0.066667 0.100000 0.133333 0.166667 0.200000 0.233333 0.266667 0.300000 0.333333 0.366667 0.400000 0.433333 0.466667 0.500000
0.533333 0.566667 0.600000 0.633333 0.666667 0.700000 0.733333 0.766667 0.800000 0.833333 0.866667 0.900000 0.933333 0.966667 1.000000 1.033333</float_array><technique_common><accessor source="#arissa_Neck1-Matrix-animation-input-array" count="32"><param name="TIME" type="float"/></accessor></technique_common></source><source id="arissa_Neck1-Matrix-animation-output-transform"><float_array id="arissa_Neck1-Matrix-animation-output-transform-array" count="512">

1.000000 -0.000000 0.000000 0.000000 0.000000 1.000000 -0.000000 4.340000 0.000000 -0.000000 1.000000 0.926900 0.000000 0.000000 0.000000 1.000000
1.000000 -0.000000 -0.000000 0.000000 0.000000 1.000000 0.000000 4.340000 0.000000 0.000000 1.000000 0.926900 0.000000 0.000000 0.000000 1.000000
1.000000 0.000000 0.000000 -0.000000 0.000000 1.000000 -0.000000 4.340000 0.000000 0.000000 1.000000 0.926900 0.000000 0.000000 0.000000 1.000000
1.000000 0.000000 0.000000 -0.000000 0.000000 1.000000 -0.000000 4.340000 -0.000000 0.000000 1.000000 0.926900 0.000000 0.000000 0.000000 1.000000
1.000000 -0.000000 0.000000 -0.000000 -0.000000 1.000000 0.000000 4.340000 0.000000 0.000000 1.000000 0.926900 0.000000 0.000000 0.000000 1.000000
1.000000 0.000000 0.000000 0.000000 0.000000 1.000000 0.000000 4.340000 0.000000 -0.000000 1.000000 0.926900 0.000000 0.000000 0.000000 1.000000
1.000000 -0.000000 0.000000 0.000000 -0.000000 1.000000 0.000000 4.340000 0.000000 -0.000000 1.000000 0.926900 0.000000 0.000000 0.000000 1.000000
1.000000 -0.000000 -0.000000 0.000000 0.000000 1.000000 0.000000 4.340000 0.000000 -0.000000 1.000000 0.926900 0.000000 0.000000 0.000000 1.000000
1.000000 -0.000000 -0.000000 -0.000000 -0.000000 1.000000 -0.000000 4.340000 0.000000 -0.000000 1.000000 0.926900 0.000000 0.000000 0.000000 1.000000
1.000000 0.000000 0.000000 -0.000000 0.000000 1.000000 0.000000 4.340000 -0.000000 0.000000 1.000000 0.926900 0.000000 0.000000 0.000000 1.000000
1.000000 -0.000000 0.000000 0.000000 -0.000000 1.000000 -0.000000 4.340000 0.000000 0.000000 1.000000 0.926900 0.000000 0.000000 0.000000 1.000000
1.000000 0.000000 0.000000 0.000000 -0.000000 1.000000 0.000000 4.340000 -0.000000 -0.000000 1.000000 0.926900 0.000000 0.000000 0.000000 1.000000
1.000000 -0.000000 -0.000000 0.000000 -0.000000 1.000000 -0.000000 4.340000 0.000000 -0.000000 1.000000 0.926900 0.000000 0.000000 0.000000 1.000000
1.000000 -0.000000 -0.000000 0.000000 0.000000 1.000000 0.000000 4.340000 -0.000000 0.000000 1.000000 0.926900 0.000000 0.000000 0.000000 1.000000
1.000000 -0.000000 -0.000000 -0.000000 0.000000 1.000000 -0.000000 4.340000 0.000000 0.000000 1.000000 0.926900 0.000000 0.000000 0.000000 1.000000
1.000000 -0.000000 0.000000 0.000000 -0.000000 1.000000 0.000000 4.340000 -0.000000 0.000000 1.000000 0.926900 0.000000 0.000000 0.000000 1.000000
1.000000 0.000000 0.000000 -0.000000 0.000000 1.000000 0.000000 4.340000 0.000000 0.000000 1.000000 0.926900 0.000000 0.000000 0.000000 1.000000
1.000000 0.000000 0.000000 0.000000 -0.000000 1.000000 0.000000 4.340000 0.000000 0.000000 1.000000 0.926900 0.000000 0.000000 0.000000 1.000000
1.000000 -0.000000 0.000000 0.000000 -0.000000 1.000000 0.000000 4.340000 0.000000 0.000000 1.000000 0.926900 0.000000 0.000000 0.000000 1.000000
1.000000 0.000000 0.000000 -0.000000 -0.000000 1.000000 -0.000000 4.340000 0.000000 0.000000 1.000000 0.926900 0.000000 0.000000 0.000000 1.000000
1.000000 -0.000000 0.000000 -0.000000 0.000000 1.000000 -0.000000 4.340000 0.000000 0.000000 1.000000 0.926900 0.000000 0.000000 0.000000 1.000000
1.000000 0.000000 0.000000 0.000000 -0.000000 1.000000 -0.000000 4.340000 0.000000 -0.000000 1.000000 0.926900 0.000000 0.000000 0.000000 1.000000
1.000000 0.000000 0.000000 0.000000 0.000000 1.000000 0.000000 4.340000 0.000000 -0.000000 1.000000 0.926900 0.000000 0.000000 0.000000 1.000000
1.000000 -0.000000 -0.000000 -0.000000 -0.000000 1.000000 0.000000 4.340000 -0.000000 0.000000 1.000000 0.926900 0.000000 0.000000 0.000000 1.000000
1.000000 0.000000 -0.000000 -0.000000 -0.000000 1.000000 0.000000 4.340000 0.000000 0.000000 1.000000 0.926900 0.000000 0.000000 0.000000 1.000000
1.000000 0.000000 0.000000 0.000000 -0.000000 1.000000 -0.000000 4.340000 0.000000 0.000000 1.000000 0.926900 0.000000 0.000000 0.000000 1.000000
1.000000 -0.000000 0.000000 -0.000000 -0.000000 1.000000 0.000000 4.340000 0.000000 -0.000000 1.000000 0.926900 0.000000 0.000000 0.000000 1.000000
1.000000 0.000000 0.000000 0.000000 0.000000 1.000000 0.000000 4.340000 0.000000 -0.000000 1.000000 0.926900 0.000000 0.000000 0.000000 1.000000
1.000000 0.000000 0.000000 -0.000000 -0.000000 1.000000 0.000000 4.340000 0.000000 0.000000 1.000000 0.926900 0.000000 0.000000 0.000000 1.000000
1.000000 -0.000000 -0.000000 0.000000 -0.000000 1.000000 -0.000000 4.340000 0.000000 -0.000000 1.000000 0.926900 0.000000 0.000000 0.000000 1.000000
1.000000 -0.000000 0.000000 0.000000 -0.000000 1.000000 0.000000 4.340000 -0.000000 0.000000 1.000000 0.926900 0.000000 0.000000 0.000000 1.000000
1.000000 -0.000000 0.000000 0.000000 -0.000000 1.000000 0.000000 4.340000 0.000000 0.000000 1.000000 0.926900 0.000000 0.000000 0.000000 1.000000</float_array><technique_common><accessor source="#arissa_Neck1-Matrix-animation-output-transform-array" count="32" stride="16"><param type="float4x4"/></accessor></technique_common></source><source id="arissa_Neck1-Interpolations"><Name_array id="arissa_Neck1-Interpolations-array" count="32">
 LINEAR LINEAR LINEAR LINEAR LINEAR LINEAR LINEAR LINEAR LINEAR LINEAR LINEAR
LINEAR LINEAR LINEAR LINEAR LINEAR LINEAR LINEAR LINEAR LINEAR LINEAR LINEAR LINEAR
